5.202494763051893756e+01,1.222539215115760847e+01,7.370704609384352679e+00,7.903636600125865996e+00,1.912346807763463996e+00,5.859075211261430827e-01,-1.598798663834922307e+00,-2.648691805846882907e+00,-5.589207804380804667e-01,-4.389043443090852037e+00,-2.705007773645426106e+00,1.261220379513092738e-01,-1.225982601713745845e+00
5.517597515194858460e+01,1.211000862950080581e+01,6.818190365892613514e+00,8.830490010645700494e+00,7.559688480336272942e-01,1.810019848946558874e+00,-1.787930402216980630e+00,-2.715793610701320748e+00,4.252721859461119913e-01,-6.411449862173388858e+00,-3.339932288937353722e+00,5.975394370103511710e-01,-1.234180239330501694e+00
5.927559036762911404e+01,1.433241687969277578e+01,4.290049334339624210e+00,6.288906229950299576e+00,5.403328774836807513e-01,3.040714717801691780e+00,-2.160786520394469612e+00,-3.912816725041089683e+00,6.413433576783539314e-01,-4.420994131706255104e+00,-2.437314672742698196e+00,-8.926786094942947003e-02,-1.026360562307357949e+00
6.187525683412482636e+01,1.471552191009009825e+01,3.574713124362068672e+00,5.165912940515672069e+00,-1.767802853779898431e+00,3.915904575241914820e+00,-9.413672944431853429e-01,-3.811847904680549348e+00,-5.589634256826272463e-01,-5.669988451092320858e+00,-2.319463565192941168e+00,9.996049158099392651e-01,-8.364819509105695383e-01
6.807415764694131610e+01,1.469077756515410549e+01,-1.621869592333809118e+00,4.991002576186409634e+00,-4.620738658904737783e-01,4.999370351940958024e+00,-2.351410831757221320e+00,-4.839400735904733963e+00,1.692742810666864495e+00,-6.393894719802116988e+00,-2.764916364973847962e+00,1.402779173401550172e-01,-2.049505284671978345e+00
7.376351002509397858e+01,1.582486978864624483e+01,-5.464423394960956415e+00,3.559806183682198810e+00,4.674784231460212824e-01,5.882631316001549315e+00,-3.937578153713651385e+00,-4.397005567769528334e+00,2.475597748763604056e+00,-7.508605439257419079e+00,-3.214259299986306218e+00,1.580199962254965618e+00,-1.713799963180673291e+00
7.957028608300532824e+01,1.580270356666362730e+01,-8.464741485287895273e+00,2.630570564446066406e+00,-1.367643474945347826e-01,6.717481295847208322e+00,-4.500359793480757986e+00,-5.046023471718191544e+00,2.634038610317341433e+00,-7.513067632643537053e+00,-4.168999280739288160e+00,2.319113860670331206e+00,-7.956725783459248080e-02
8.578138024690335328e+01,1.521942399518587763e+01,-1.063104916245552367e+01,3.270919572142070741e+00,-3.149348059627642415e-01,6.721348721516083202e+00,-5.372890751338092130e+00,-5.250703399978712049e+00,2.460169163331941355e+00,-7.449655970824376361e+00,-3.331243311611870705e+00,2.562488229350391666e+00,6.713404871531989393e-01
9.026311158810293023e+01,1.518933498053991471e+01,-1.191104662457088814e+01,2.724157136132706825e+00,5.195867995287825961e-03,4.456378086755521828e+00,-5.217257509268096172e+00,-5.414339312165323825e+00,1.119700331937667714e+00,-6.011694566214206503e+00,-3.203465433891247827e+00,3.150651703302161710e+00,9.116651827221283755e-01
9.279786921225695551e+01,1.541259858534099614e+01,-1.363019731740739360e+01,2.880444766568060810e+00,-9.414956470764351826e-01,3.751982632197853551e+00,-5.431779360493135478e+00,-5.222602456387111403e+00,1.181850246377448732e+00,-5.029180836535035226e+00,-2.739302143621516805e+00,2.961303916774379097e+00,7.442271619873994659e-01
9.457248873098143349e+01,1.452936543949737391e+01,-1.431484215605944854e+01,1.931817868458590270e+00,-1.421387761394013349e+00,3.378114886516815130e+00,-5.727076904880003205e+00,-3.791696985350488713e+00,7.417113646274522409e-01,-4.440443638376907920e+00,-2.217270829443512614e+00,2.595735444760614907e+00,2.988909793074295274e-01
9.516437568340847974e+01,1.588575625588335782e+01,-1.547897502466549291e+01,1.156144767346724445e+00,-1.610551204960162686e+00,2.453353630267864016e+00,-5.340441454735320725e+00,-3.600580847280847152e+00,1.141151050422656077e+00,-4.343904596742610202e+00,-1.634997596717879587e+00,3.230543275467562037e+00,-5.626084758893495907e-02
9.486841568875242103e+01,1.765602715393873723e+01,-1.598317837128331043e+01,-5.323782699420098741e-01,-1.613834023282188834e+00,1.908108936242725484e+00,-5.020096108797302392e+00,-3.682123655256958727e+00,1.924494856625821093e+00,-4.284753105297745890e+00,-1.451968201029168126e+00,4.000563459893498042e+00,-1.115404831089650495e+00
9.535636022646342269e+01,1.835088027783383069e+01,-1.552964373886343452e+01,-2.238480157583705221e+00,-1.542546415261611070e+00,1.789534121389504406e+00,-5.630081376105763091e+00,-2.832059946181678889e+00,1.868757860947991123e+00,-4.424125064735418889e+00,-9.022844586911636933e-01,3.742781261829379424e+00,-1.101564366888021507e+00
9.659613892466559548e+01,1.790671973468174016e+01,-1.574156845165424556e+01,-2.035474952363873324e+00,-2.727608285267653532e+00,2.483946168251432773e+00,-6.244298764828636550e+00,-1.713117396017272309e+00,1.820353287647015206e+00,-4.582253673540767736e+00,-6.815462026813378094e-01,3.979005974122558076e+00,-1.759212253343336751e+00
9.623893134500990243e+01,1.770080726757451828e+01,-1.558078281918023400e+01,-3.480325283828723748e+00,-2.254035939480978357e+00,1.338336016098004455e+00,-5.428916921378128535e+00,-2.139114153404183760e+00,2.214719547522324028e+00,-4.150593073795415755e+00,-4.684786175753644644e-01,3.377009654186574394e+00,-2.162393421168416374e+00
9.541909138774819610e+01,1.873614302871664350e+01,-1.590590871571388298e+01,-4.114383591452885014e+00,-2.563339447594133791e+00,2.006823683509840084e+00,-5.294811488099196772e+00,-1.786619556364067885e+00,2.688617688361213176e+00,-3.719972002292429636e+00,-2.831570159034752510e-01,3.017315343591969512e+00,-3.038057998925586922e+00
9.484018465500605544e+01,1.932587821526085037e+01,-1.568921584387195622e+01,-5.247814865393748640e+00,-2.396260742080994710e+00,1.442058011946103502e+00,-4.743785624528721101e+00,-1.970440739949448794e+00,3.158850724782285013e+00,-3.298860825429017041e+00,-1.212253141220892116e+00,2.723568191741742250e+00,-2.707057460677797511e+00
9.540231983914033265e+01,1.824712133953578430e+01,-1.390450022289314269e+01,-6.288625495488721739e+00,-2.384925086234711777e+00,1.316020978357725024e+00,-4.151159092774181936e+00,-2.525274247406737338e+00,3.056662186950444227e+00,-2.320666147589498074e+00,-1.880804621614251326e+00,1.577565164594719960e+00,-1.255868744719243812e+00
9.363306318675567752e+01,2.028483681429593233e+01,-1.391977770836994210e+01,-6.144857145003186361e+00,-2.953810494142429910e+00,3.306340895510948119e+00,-4.782014578220298517e+00,-2.904033643482094806e+00,4.300978382920175314e+00,-3.514033136885726272e+00,-1.772965467530847050e+00,2.314795426922529487e+00,-1.664126102824183162e+00
9.372491176553150183e+01,1.931290031567942123e+01,-1.244551107071248452e+01,-7.583846099246414951e+00,-1.934572207126454169e+00,1.591341419470779339e+00,-3.918059881443431980e+00,-1.404423061566137054e+00,2.996442457674366899e+00,-2.542949638460105355e+00,-1.978492989281318337e+00,1.406742381925987662e+00,-1.094795446913557069e-01
9.185941599743701147e+01,2.029300784616418341e+01,-1.242848359414400505e+01,-6.694846344200000132e+00,-3.001694011069495183e+00,3.426564115458140769e+00,-5.500422986358956656e+00,-1.272185593094289802e+00,4.169755732683857019e+00,-3.443619020678135634e+00,-2.002199955520917118e+00,2.256330341889908997e+00,-3.599166707402553511e-01
9.109047940243034702e+01,1.999771643322945991e+01,-1.267075631117752899e+01,-5.796541429859774830e+00,-3.214651315678273225e+00,4.481788296575900610e+00,-5.813987282652691491e+00,-2.184746753483291393e+00,4.608609637733638742e+00,-3.498033461826857593e+00,-2.087029725434162764e+00,2.602612121681819879e+00,-2.344337254169905904e-01
9.286545516045467252e+01,1.761167717263382926e+01,-1.159927543272274342e+01,-6.069174206309350339e+00,-2.862514344459133664e+00,4.133930205262576152e+00,-5.696701664285061639e+00,-3.737101354767138783e+00,4.887299758210312817e+00,-3.321751112946123907e+00,-1.693279075189921823e+00,2.504434297004400012e+00,-7.270593199958014230e-01
9.123949091306089088e+01,1.974987035201474939e+01,-1.137800549706177655e+01,-5.405286501660668819e+00,-4.510806836232517547e+00,5.627028048281904837e+00,-5.930795490198151221e+00,-5.248464525803429481e+00,6.437525088533600837e+00,-2.374138542786154549e+00,-2.492366912124249545e+00,3.408370463419633456e+00,-8.539998339983472242e-01
9.242589086608326454e+01,1.802663034341073001e+01,-1.029191869520800573e+01,-5.750307963037375458e+00,-3.810118591494271456e+00,4.421028869800169403e+00,-5.223051547484916846e+00,-5.432786785953228836e+00,5.282037662279940093e+00,-1.237315959318289416e+00,-1.386598274016719534e+00,1.739443365476259107e+00,-2.103685279154783316e-01
8.885124948328603978e+01,2.068441045316582816e+01,-1.061019825126435023e+01,-5.440579251700617291e+00,-5.145340818916721126e+00,5.347349778757244820e+00,-5.131820344401702982e+00,-6.117921891809070090e+00,5.291801352777333989e+00,-1.565018960465718312e+00,-1.184779806911848699e+00,1.924849046088520144e+00,-1.594730251831787127e-01
8.832959353771342137e+01,2.000115373579084732e+01,-9.270221980747452406e+00,-5.471641134386454830e+00,-5.616080398999670820e+00,4.939828349211082603e+00,-3.764390000773483624e+00,-6.121252098078833193e+00,3.974106983061476139e+00,-1.869118907526542417e+00,-1.522516049922381098e+00,2.368014114908867374e+00,-5.853121902112435881e-01
8.866999009164415213e+01,1.899352062089465321e+01,-9.217339483956527246e+00,-3.735642031485002956e+00,-6.029377924279827106e+00,5.183388634889372071e+00,-1.991613869549479832e+00,-6.687826263458828357e+00,2.776408818299871850e+00,-1.907476325794888350e+00,-2.067846800896897097e+00,2.401655872239786937e+00,8.342888823928498176e-01
8.698100893160668079e+01,1.968187345630139973e+01,-9.051740460477963879e+00,-3.737639143355020899e+00,-5.648964906690443044e+00,5.149449878654790425e+00,-1.554701715318256516e+00,-6.556859440518692850e+00,1.550725897560945254e+00,-1.646465066115267994e+00,-2.480617752623836658e+00,2.605495595780730866e+00,7.528210569544397934e-01
8.733364748527114330e+01,1.862504839758562269e+01,-8.174028912340286723e+00,-4.087293905411311989e+00,-6.149260404519893974e+00,5.048430573347846284e+00,-1.887084239584648326e+00,-6.058569817139274782e+00,2.417201779122223559e+00,-2.159948660599913861e+00,-2.862114190704631689e+00,2.336637933222496244e+00,1.042507932183862840e+00
8.710438315211531801e+01,1.948470170253179035e+01,-8.560160746906253948e+00,-5.513850915359542526e+00,-7.213356118940377648e+00,4.915770446088006729e+00,-2.295585163891764591e+00,-5.381298481936063638e+00,2.759076981045283095e+00,-2.214681200946013728e+00,-3.930040198268468288e+00,2.012084996041085816e+00,9.866896833788554311e-01
8.647724218073780378e+01,2.023776219113503672e+01,-8.055316784675568442e+00,-5.795134023755319497e+00,-7.844073420724051893e+00,4.754119637731365700e+00,-2.622420383656377307e+00,-5.401016682729099294e+00,3.202157824000793074e+00,-2.321899082171560380e+00,-3.293832659048294698e+00,1.478803377688840737e+00,1.200012085602942813e-01
8.442799609953040374e+01,2.147773178778829717e+01,-7.570333778558834936e+00,-6.469652291335058258e+00,-6.608867071866520781e+00,3.369532911987995316e+00,-3.387931189982347213e+00,-5.031755546002556478e+00,2.471036180025572904e+00,-1.966358906505178972e+00,-3.220533102480575227e+00,4.425934721569619312e-01,6.368071934667967060e-01
8.318511424717199532e+01,2.237543424958577276e+01,-7.530505293236919861e+00,-6.984564869128230491e+00,-6.595903643214742651e+00,2.424086288448110693e+00,-3.613963476770248207e+00,-4.687856782702705338e+00,1.666315957007927562e+00,-1.503997549718137927e+00,-3.536633420365101088e+00,-6.345123039415770938e-01,5.151321103888528707e-01
8.162437627746355417e+01,2.222619178915127947e+01,-7.516323671813819551e+00,-7.082601565931313736e+00,-5.475895301985120867e+00,2.214276726792395955e+00,-3.793151239006748554e+00,-4.195229227395651073e+00,1.256936719806254488e-01,-9.359541557873940487e-01,-2.606941647469718237e+00,-8.276355352734983128e-01,9.291547846168033420e-01
7.917151441225767883e+01,2.192287935647705766e+01,-6.234039409066266302e+00,-7.386693483960026896e+00,-4.344436913280103063e+00,1.325469136920594870e+00,-4.139972165520396707e+00,-4.839210001202945755e+00,3.049795588942848523e-01,6.257086519146477510e-01,-2.119806129244994342e+00,-8.176394066492895796e-01,2.594479483202139503e-01
7.886058368327115886e+01,2.085041465975509212e+01,-5.738184065801341660e+00,-7.326254544330053520e+00,-4.843610061677414258e+00,9.234155166720293684e-01,-5.023202397046291345e+00,-4.135178412662252612e+00,4.401677832352190456e-01,1.282786256706392125e+00,-1.846680482807110613e+00,-2.108878598163670404e+00,-5.259353770431233338e-02
7.808498645588717579e+01,2.007030207704467273e+01,-6.776207112724912385e+00,-7.331890361163036829e+00,-3.713675286070494685e+00,-8.687746493530721370e-01,-6.534586576687523518e+00,-4.301411685646185035e+00,7.294708415582683569e-01,1.593706700909122143e+00,-1.805199736818983602e+00,-2.050851888884234864e+00,-1.143089354966434046e+00
7.833682292744616404e+01,1.924304824678804593e+01,-7.789196705516730823e+00,-7.474333192469648779e+00,-1.602460500738256410e+00,-5.635840026621535825e-01,-8.427554281046687024e+00,-4.530459586892868096e+00,2.392493507982557777e+00,2.007627132555647620e+00,-2.538473154566949219e+00,-1.688357610441199474e+00,5.566708253759576897e-01
7.892044940042082146e+01,1.923616016528016104e+01,-8.627646221974098140e+00,-6.930563950286066977e+00,5.329176046640773240e-02,-3.860278717261779180e-01,-9.910709856704938758e+00,-4.321153450487257963e+00,3.349707970462040940e+00,1.327112457835034398e+00,-3.140299770823889780e+00,-1.118124624776747122e+00,1.888159937855635961e+00
9.455123956407744856e+01,-2.156669838664498684e+00,-3.675000973026681272e+00,-1.750600048153094557e+00,-4.258240668748515034e+00,-7.833621580702472276e-01,-7.573133848105686461e+00,-3.440067047820972057e+00,2.249423838625358218e+00,1.436263253123157835e+00,-1.319492734848080606e-01,6.311318065764716101e-01,-1.134117450033368613e+00
5.649628612005633954e+01,-1.220255945098667993e+01,5.825857388322810415e-01,4.706724650579876545e+00,-4.750728720730448273e+00,2.038383584322264408e+00,-8.646122643127316376e-01,8.160678089690253101e-01,-3.238768137868121011e-01,4.629783560867981040e-02,-4.280329801792130962e-01,4.370917416773956732e-01,-1.984286399379576737e+00
4.976889066612402956e+01,-9.703975445405044198e+00,-1.016743270092504936e+01,5.786276327238517148e+00,-1.150575949177665036e+00,1.089300529953146190e+00,-4.382447231136079591e-01,-1.289003684343345002e+00,2.267467078798913516e+00,-1.724492989851473812e+00,-2.388660728752294737e+00,1.077227430880211889e+00,-1.617421968022747070e+00
5.048077537207070975e+01,-1.077130547088291124e+01,-1.151834192328167461e+01,5.946068735098580582e+00,-4.889533444555115849e-01,3.789200938825452725e-01,-6.213187737790319964e-01,-9.249515385752620222e-01,1.430483355810339141e+00,-1.126965297877797756e+00,-1.567392917541285957e+00,2.831505899830115247e+00,-2.502635585942958762e+00
5.551893692972904404e+01,-1.618134168565458353e+01,-9.702292209241290877e+00,6.066539093091627421e+00,-3.093473340665121807e+00,1.995049961346494705e+00,-2.132423398540054027e+00,7.915005781727522949e-02,1.264783346806507058e+00,1.744342326476658878e-01,-4.945205257563028978e-01,2.149658680016043100e+00,-4.345919376560996916e+00
5.372056729787347962e+01,-1.064521919125154525e+01,-1.108453340671174558e+01,6.478308089023779637e+00,-7.897419080224098442e-01,1.073800549113114400e+00,-2.291237353097975493e+00,-7.078963423386429310e-02,1.011770547699773370e+00,-9.225864544342657902e-01,-1.604604947750314925e-01,1.378750770395029912e+00,-4.394522009563976539e+00
5.111564377267298909e+01,-5.037591954626058133e+00,-1.149036502924432313e+01,4.201127421022152753e+00,6.953140059908229365e-01,1.151330866256884189e+00,5.677773602278188281e-02,-2.282585619707924618e+00,1.461891570429222798e+00,1.397229713501694191e-02,1.540873323145115215e-01,3.056805886550369999e-01,-3.953972603908678884e+00
4.671878944649270693e+01,-3.722358493496617182e+00,-8.574083567469749312e+00,3.099818938643649435e+00,1.020688981054351574e+00,7.716911092051429444e-01,3.632580633001243897e-01,-1.168361939418071982e+00,1.753580066049417630e+00,8.016134780627022227e-01,-8.388376936470945955e-01,3.818647354099656832e-01,-2.299652881148627870e+00
