4.000246850009590815e+01,4.766111349969174071e+00,6.427412911649629912e+00,7.478941103861211914e+00,3.726856317362195359e+00,1.925794971657113441e+00,8.019144608620580872e-01,-4.417170764071940425e-01,3.667913279603574050e-01,-1.141320067215009670e+00,-2.637828854965893033e+00,1.367952839680778021e-01,2.568948520501488364e-01
4.428761614403452285e+01,8.232258810613316768e+00,7.500164688494132648e+00,8.924704150401685965e+00,3.752327906761721010e+00,8.263124807629729229e-01,7.172136440719821815e-01,-6.538383997603866016e-01,-5.677377844690074671e-01,-1.505645083185181976e+00,-3.498535311500862388e+00,-1.872332647315595677e+00,-5.577977300375963621e-01
4.444952853313471763e+01,1.004529460369849758e+01,8.334589982611673165e+00,7.676932431657601974e+00,2.795850878725870015e+00,5.933778702721251991e-02,-2.840308823242754244e-01,-2.164409736004227369e+00,-1.685992917674588698e+00,-1.034830480313533974e+00,-2.552103974394523522e+00,-1.920836825554335547e+00,-1.289759724369793137e+00
4.693265607800821471e+01,1.046021574021125744e+01,6.206874871417666917e+00,6.108929053044894530e+00,3.857860277995186049e+00,1.483056061112501656e+00,2.892322463659353637e-01,-2.660462984557062871e+00,-2.462324646731778977e+00,-2.795687224237213719e+00,-2.885961292744170681e+00,-3.948019520753608402e-01,4.069948937582826831e-01
4.769094769877225559e+01,9.244732858000485720e+00,3.293558464625038873e+00,4.993575905719930041e+00,4.282202117313171463e+00,8.559553117048883664e-01,-9.422093492525193681e-02,-3.351225494642520175e+00,-4.347650150651670486e+00,-2.189011588691189392e+00,-2.211627835546587928e+00,-2.989678510111189458e-01,-3.856139251165993098e-01
4.756226191954285554e+01,9.037924001583863998e+00,5.201869267508857142e+00,5.542779778861740780e+00,1.760851816034743944e+00,-1.904481056149517626e-01,-5.815086123578327992e-01,-3.046398946237662830e+00,-3.704726144549927547e+00,-3.921994773147725155e+00,-2.949792167763751305e+00,-5.984462832331420845e-01,3.340495824913534695e-01
5.863914453924969905e+01,1.380090177359392811e+01,1.349370249755865503e+00,2.757620848738327357e+00,-1.467820156715815005e-01,1.013560316448399501e+00,-3.411653383678053819e-01,-2.048598259227977891e+00,-1.494850470082403904e+00,-5.958246510244214811e+00,-3.224633329674305049e+00,2.260551797597788237e+00,2.575371105261301530e+00
6.880688710449180689e+01,1.723070223034432757e+01,-2.055579066984053238e+00,2.943919768227392098e-01,-1.205927883495062858e+00,2.861975059079029826e+00,-1.204422874062549109e+00,-2.686963035999012650e+00,-1.269729366924677638e+00,-6.974492426828692970e+00,-2.821436738128187294e+00,3.218879995008563810e+00,2.128171180685044739e+00
7.596306758545611615e+01,2.114342299658862956e+01,-7.507407572667722739e+00,-1.726531523808293667e+00,-1.107392373982719197e-01,3.181051399210710340e+00,-2.986112757433559750e+00,-4.473728175688555631e+00,8.488105765017590620e-01,-6.692501585547319110e+00,-2.944206375704987444e+00,4.791214717719988414e+00,1.048402825494999080e+00
7.960537411984509504e+01,2.184510972821303554e+01,-1.042496542613669419e+01,-2.727167233483290598e+00,3.395260472327838452e-01,1.917588629160727587e+00,-2.772723116754612693e+00,-4.581841888276725783e+00,9.257942090206864316e-01,-5.680178636787433177e+00,-3.595123432901001337e+00,4.916609500309143677e+00,8.805040907924079896e-01
8.113819732676768126e+01,2.266340366329155032e+01,-1.182686330689729637e+01,-3.593751768853759909e+00,7.157634200430811333e-01,1.115265349565517594e+00,-2.829270238700160256e+00,-4.421262200079354443e+00,8.269187656551215682e-01,-5.203876378043637452e+00,-4.009883791818737997e+00,5.477751768913725172e+00,1.305344209477264261e+00
8.435040900242073292e+01,2.131226240601401400e+01,-1.189672717389304246e+01,-4.343057796062301357e+00,-1.664490389682488081e-01,1.312943457794239599e+00,-3.715305308102767601e+00,-4.083832368096387277e+00,8.528007065792991837e-01,-5.010826184886417956e+00,-3.044707087898530062e+00,5.019523461861194136e+00,1.157907507085735199e+00
8.404670704342805720e+01,2.364283703928084179e+01,-1.258349811006953622e+01,-6.156828022030341074e+00,-1.025697927955560029e-02,1.534652511687312426e+00,-5.399283739531089310e+00,-3.537649242348835266e+00,1.840761920047588873e+00,-5.452928221751175641e+00,-2.470292392114227020e+00,5.116633807651017385e+00,9.592781306379625228e-01
8.672550628276913187e+01,2.227955667917044735e+01,-1.307296897951396097e+01,-6.467937995018186115e+00,4.715835513737048346e-01,-4.551833581569845188e-01,-4.672038902052635834e+00,-2.514685036814739760e+00,5.493879930809222323e-01,-3.881718539494317888e+00,-2.155941997237789565e+00,4.412397579481631027e+00,1.708539506444744838e+00
8.755255317923865732e+01,2.150700290723404251e+01,-1.294724280180922982e+01,-6.635566664312826823e+00,-7.272667540659423224e-01,1.502739061322620195e-01,-4.515105235041859899e+00,-2.862389540247636699e+00,1.773631915928888025e+00,-4.117979732675817850e+00,-2.349363012843510123e+00,4.927049852008789976e+00,1.369622899864328502e+00
8.692192152900696556e+01,2.213695509974800046e+01,-1.307518227773340769e+01,-7.145191099237801602e+00,-2.519126508267129916e-01,4.381454492084678742e-01,-5.096389841073531990e+00,-1.671393288738079130e+00,1.690360927945942837e+00,-4.333736236998476876e+00,-1.299347695540095771e+00,4.542093338940465408e+00,9.872516329646040534e-01
8.777441993703492074e+01,2.081655016520091195e+01,-1.317395652727422295e+01,-6.726932958197140877e+00,-1.300512092710791379e+00,3.706921052930401417e-01,-5.048173283094366859e+00,-1.824359154219829859e+00,2.393575296653891460e+00,-4.786759882184872694e+00,-1.214258293378327469e+00,4.286059089601896410e+00,2.597105429831328416e-01
8.645909312626366727e+01,2.268870453568682066e+01,-1.374957124844901202e+01,-6.936538838127945361e+00,-1.731558028659046178e+00,1.262033466876140375e+00,-5.669868232191540791e+00,-1.498917700062409875e+00,3.486563769770509413e+00,-5.230565369568861200e+00,-7.452305238637647600e-01,4.414183437359938011e+00,-7.075330666475545538e-01
8.736798944111835397e+01,2.164804175443463308e+01,-1.292250127056380649e+01,-7.761100365713131666e+00,-2.028263560274651489e+00,1.097097318290244372e+00,-5.721187675488066837e+00,-1.198886218232185108e+00,3.202584471251379128e+00,-5.111334263965353841e+00,-1.896936432390037841e-01,3.654891931881640854e+00,-9.816968862038629728e-01
8.578485949811550881e+01,2.350431608159410146e+01,-1.335338395558442492e+01,-8.610187859658651632e+00,-1.384968145033395270e+00,1.232300668450710734e+00,-6.423647640551791937e+00,-6.590957220486768353e-01,3.599691821806054737e+00,-5.171073673614019484e+00,1.940085433993123665e-01,3.531301345713819817e+00,-1.296283206418437084e+00
8.610997314878315478e+01,2.230093364967279612e+01,-1.258829032193702879e+01,-8.610929477575334445e+00,-1.436281786414799422e+00,6.891281415311278913e-01,-5.793422795078162046e+00,-8.834264740845773067e-01,2.632925879855511742e+00,-3.873401850686613468e+00,9.623282172323741057e-02,2.851319679398764517e+00,-6.084961149415362147e-01
8.538106459802244785e+01,2.270801679593951050e+01,-1.260604373400937206e+01,-8.161821149765893679e+00,-2.410213782130496085e+00,1.751837466958174439e+00,-5.982180058501264774e+00,-1.237421403001339293e+00,3.133791133626667946e+00,-4.256920846719467022e+00,8.015254631805101004e-01,2.988343066620203548e+00,-9.245140294929091729e-01
8.428279510554524734e+01,2.363382518062063653e+01,-1.246873295492176403e+01,-8.340289909490889997e+00,-1.980808065499977788e+00,1.385345282442261627e+00,-5.786827591936146931e+00,-1.413670873241922976e+00,2.936458259163080342e+00,-4.002203443123582005e+00,-1.161694334409156537e-01,3.104277399270947146e+00,-6.921859081777337330e-01
8.341306921182891188e+01,2.326461953347364897e+01,-1.122204114242273043e+01,-8.114622189949793452e+00,-2.186860268819316833e+00,1.526681361994413066e+00,-5.683598984925595232e+00,-2.240519749683482331e+00,2.846436619242832755e+00,-3.666630884692924308e+00,-8.210963198321242773e-01,2.711203472307615492e+00,-1.980204451078983741e-01
8.273228463784361963e+01,2.350470077026226079e+01,-1.039302522857541966e+01,-8.646784930769605637e+00,-2.730889163175890921e+00,2.596032623691955088e+00,-5.983115442196597300e+00,-3.229251468984638773e+00,3.079943108851836531e+00,-3.494373373215098333e+00,-1.277612490140919155e+00,2.677198138691132545e+00,3.323389893460006461e-01
8.232951928804733654e+01,2.306891193995487654e+01,-8.837429486703458181e+00,-8.200730292071019889e+00,-3.490304053421394936e+00,3.746166406419149553e+00,-5.273949000944625709e+00,-3.777179514960864903e+00,2.921741365114410183e+00,-3.793541218827503947e+00,-2.090906668475295049e+00,2.955928810656657468e+00,5.760461459623356095e-01
8.054859238610561079e+01,2.303805591894753135e+01,-7.501499021765104303e+00,-7.588528867109587850e+00,-3.863167275029887993e+00,4.360259534377074253e+00,-3.722347285103735803e+00,-4.410433475628687816e+00,2.093667474396488259e+00,-3.926517581404573853e+00,-1.697597787000813430e+00,3.183395661966930135e+00,8.000220701769097387e-01
7.904273912663383328e+01,2.238911241812968100e+01,-6.103508737254109029e+00,-7.442996504556500525e+00,-5.254195655453420599e+00,4.719846078727107042e+00,-2.191288951716363176e+00,-4.959971736226930439e+00,1.701027751090761209e+00,-4.610635433231571767e+00,-1.637056001640291969e+00,3.017106021442860886e+00,8.533801898867147129e-01
7.716653079228869672e+01,2.251307705621174904e+01,-5.913000394969865070e+00,-7.768071514771859754e+00,-5.044244213376425812e+00,4.185175094969820542e+00,-1.939256296855957684e+00,-5.099269721626088270e+00,8.567809232099159455e-01,-3.775066579853790572e+00,-2.669795930390695293e+00,2.423884078499498607e+00,8.637647577400546783e-01
7.408286079058993323e+01,2.249869827414755719e+01,-4.001674853998673065e+00,-7.752594158755896636e+00,-5.212942555714928261e+00,2.792100234699219641e+00,-1.563377872612426556e+00,-4.614458905194048555e+00,1.040231766038782341e-01,-3.764254818318219620e+00,-3.255190439493194088e+00,2.207778459148011851e+00,8.585314366380245588e-01
7.276787621289355457e+01,2.263488145923184902e+01,-2.993251613695891322e+00,-8.295312106480311698e+00,-5.390265379184024042e+00,2.226801674089497141e+00,-1.492652800762531484e+00,-3.313213947429797024e+00,-1.023334383831885575e+00,-3.593764988645661962e+00,-2.605019633136238522e+00,1.419479141277503409e+00,3.930870132086990987e-01
6.951922369897559406e+01,2.133790005428378223e+01,-1.111580675998520951e+00,-6.274387881761319008e+00,-5.946199267791076437e+00,1.103877300032847675e+00,-1.498160880534822104e+00,-4.143170798649705056e+00,-1.178216559502254013e+00,-3.608296491031896203e+00,-2.302873430891239082e+00,1.765252013651777530e+00,-1.782749470594129360e-01
6.829896853157134728e+01,2.165791272871496886e+01,-1.353060042169240973e-01,-8.459699858335062217e+00,-6.980617730792373798e+00,2.067823804844002578e-01,-7.224051998855569590e-01,-2.996523877607803144e+00,-6.647343760271328117e-01,-3.186528689534974035e+00,-2.833817600955140126e+00,1.429293352208833356e+00,-2.610801392455976977e-01
6.812082397641498233e+01,2.237188164075662655e+01,7.033305665013864227e-02,-8.217068726439148207e+00,-6.428572080104555830e+00,-5.111142490478082223e-01,-9.011655670151589304e-01,-1.644997908102612927e+00,-8.501552692026131952e-02,-2.618791499518039245e+00,-1.806370358295547485e+00,1.694230056493808201e+00,-2.022859482120362429e-01
6.661232562092123999e+01,2.156839093299525700e+01,8.202240331454559996e-01,-7.332911084302984328e+00,-6.608942352745533988e+00,-1.950582736331936573e+00,-1.119086064378025824e+00,-7.783352882477193591e-01,-6.112330965376048253e-01,-2.027534259010189466e+00,-1.743579474203493573e+00,1.071070631226952452e+00,-2.777621798015080801e-01
6.635853427493943002e+01,2.124022032083870215e+01,-6.312427693926957184e-02,-8.145243723564851379e+00,-6.846675992590873783e+00,-1.871514292131437607e+00,-1.067529202126227705e+00,-1.105684344872978064e+00,-6.832950761376763160e-02,-2.108267676539754554e+00,-2.201937865430616093e+00,7.505567704649098726e-01,-5.578000462595552600e-01
6.645483670851383806e+01,2.185696413010887440e+01,-4.474164583857341837e-01,-8.633167352348927182e+00,-5.841151629785306554e+00,-1.384392114974074772e+00,-1.972903191424435487e+00,-1.829283920823307152e+00,-8.619128996817267130e-02,-7.150251647200176475e-01,-1.379241753154724082e+00,-2.643487429097032271e-01,-1.502305344393765063e+00
6.729145633401374482e+01,2.060071399691670280e+01,-3.033563138182623575e+00,-8.802995684726058201e+00,-4.202355469963847234e+00,-1.422170842422354253e+00,-4.074959107884102316e+00,-3.251659661736787665e+00,1.402107208103855696e+00,3.453108888733413123e-02,-2.331726896618526279e+00,-3.396242597344789060e-01,-6.290076801268522644e-01
6.962825998780542136e+01,1.804800606297673937e+01,-4.502563180474786542e+00,-5.720981058599344138e+00,-4.865777116686930803e+00,-7.311149507946257398e-01,-3.422485778491789699e+00,-5.144786146312185338e+00,2.573958201850544469e+00,1.469780532844457532e+00,-2.839293952022097667e+00,9.490335413804569520e-02,-8.743259439051819237e-01
6.487470647522934541e+01,1.499718152261211124e+01,-3.662626774075440572e+00,-5.217436376491451533e+00,-6.119460456885326138e+00,-3.975052315393587499e+00,-4.463311042744967594e+00,-3.667298773202982698e+00,7.686725891764819574e-01,-9.127596406047838729e-01,-2.634145726857267888e+00,-3.808453539528168508e-02,-1.110048660956995947e+00
6.436925834405013802e+01,1.718791152476302031e+01,4.803219463333872619e-01,-1.814491021588001463e+00,-4.437203555534534161e+00,-3.833119810039230746e+00,-3.025397925218347606e+00,-2.014534041321730307e+00,-1.285658649560731948e-01,-1.356403217210508050e+00,-1.974775137115976076e+00,4.733201674292943084e-02,-6.571862282197235561e-02
