4.793639426321794161e+01,8.628149158726603929e+00,7.978785539828414208e+00,8.598681846735900081e+00,1.589412450535690136e+00,-3.415957348001545657e-02,-7.082757615659146522e-01,-3.670099913143212156e+00,-1.962566787888689213e+00,-1.884897914593996360e+00,-2.348164938939720336e+00,-1.577163746196318828e+00,-1.146816797028553880e+00
4.842512280306664962e+01,9.631002549214850106e+00,7.953585074982798986e+00,9.131170726735623688e+00,2.142249886896136601e+00,-1.845581893709172944e-02,-4.207518273776198470e-01,-3.694037359792221586e+00,-6.835109096914024907e-01,-2.553098738861995454e+00,-3.294790342376094916e+00,-1.831923717129918305e+00,-1.280790907496292430e+00
4.984178048018952722e+01,1.214962886847698087e+01,6.920236127873768517e+00,6.177524658687189252e+00,1.869499937476174267e+00,6.276176827979016437e-01,-1.635875569595652612e+00,-3.687079124251163798e+00,-1.660046243134124300e+00,-2.356390322181429298e+00,-1.620585166119985709e+00,1.003502889274543869e-01,-3.942963015606411603e-01
5.592828571118764813e+01,1.415038056187921534e+01,4.763197696570125039e+00,5.018637240016861512e+00,-2.882029060619522576e-01,-1.443669117547654368e+00,-2.306485417578981068e+00,-2.611055691462375705e+00,-8.949336289846748782e-01,-1.431109279620802477e+00,-1.101536235723293400e+00,-3.467179703319836492e-02,-1.050904582066642057e+00
5.755225497345801244e+01,1.434295557918002828e+01,5.358397615260867219e+00,4.588650952650740855e+00,-1.457575470073094515e+00,-2.988725740493065608e-01,-1.660892933653753456e+00,-2.310872546686032702e+00,-2.443708862013096006e+00,-4.413522588337233543e+00,-3.276271669577965451e+00,-5.140150027147403211e-01,1.002569147405091149e-01
6.367944463298402269e+01,1.786468070850652268e+01,7.470053516195984677e-01,1.410278967269948058e+00,-6.721406842701245221e-01,8.004186395665062737e-01,-1.426565950937531468e+00,-1.892286174652721531e+00,-9.507302870094838099e-01,-6.586905358776857788e+00,-3.790121766397584135e+00,1.849249478401798319e+00,4.679370755089305445e-01
6.964747136617765477e+01,1.932034582473691486e+01,-2.965799677278252222e+00,-3.551964251162851860e-01,-4.389416589979944217e-01,2.021616368038092748e+00,-1.244117521359408673e+00,-3.107829869556078428e+00,2.605955605050297996e-01,-5.917715050604230420e+00,-4.881540437361858054e+00,3.756978753880830801e+00,9.079788500726645450e-01
7.535764974489178769e+01,1.970231076335149112e+01,-6.113599055044276476e+00,-5.128105513823020267e-01,-1.651806870030124053e+00,2.903332311741032346e+00,-2.240095135827693706e+00,-4.200030645387116124e+00,1.292993100666667727e+00,-5.342145234045970525e+00,-5.301641342483729424e+00,4.495190738318813217e+00,6.432811253102549420e-01
8.138542043792152469e+01,1.740028093420752597e+01,-7.609350337522182706e+00,4.110121886831392124e-01,-2.663110828223459681e+00,2.376114553444965694e+00,-2.475076561558263055e+00,-4.746952131971093891e+00,2.099268353892809191e+00,-5.236041386615367443e+00,-5.281874356583752039e+00,4.894479058119475035e+00,7.957201556949620169e-01
8.301543978472419383e+01,1.833157002895957888e+01,-9.077585671805898926e+00,-6.908731588496025422e-02,-3.221449076155165958e+00,2.581074725598300201e+00,-3.474396050698980165e+00,-4.223631416382221282e+00,2.195509557464541128e+00,-5.744874765301130282e+00,-4.009655253099596806e+00,5.032753978485665414e+00,1.875887304236294739e-01
8.561484020333536193e+01,1.750535463178929163e+01,-1.034774483432040171e+01,4.833023784907992948e-02,-3.648202463466994949e+00,2.299998200120211056e+00,-3.276616217330456493e+00,-4.776443743380400342e+00,2.144045455417619817e+00,-5.562185097347434493e+00,-3.569965110191039681e+00,4.916484940592630970e+00,2.173160675711603429e-01
8.688445885687434611e+01,1.765471999385514223e+01,-1.157972012468982292e+01,-4.079454414760345926e-02,-4.012104371250916124e+00,2.916195532789557010e+00,-3.351410832357822667e+00,-4.690081756413023939e+00,2.317095784611050924e+00,-5.115033044671518425e+00,-3.597522404542667918e+00,5.318729729423915309e+00,2.259985947010534901e-01
8.816558563339660282e+01,1.801144916342304825e+01,-1.166299886475774628e+01,-2.759436230484282881e-01,-3.717911293133801198e+00,3.034822401085659926e+00,-3.695406737566630628e+00,-3.979258401917264543e+00,2.528317009115487846e+00,-4.999895263572684101e+00,-2.814430258444115651e+00,5.440364444062463889e+00,3.055615385554891206e-01
8.860883260992608257e+01,1.868901063781373040e+01,-1.221581194140691196e+01,-2.426154839996056412e-01,-4.079804843034901651e+00,2.669071893629725079e+00,-4.410802788593191082e+00,-3.565318747849544501e+00,2.900759867217363563e+00,-5.185914381924526140e+00,-2.053436360549595552e+00,5.931660362074526738e+00,-6.103406689939872010e-01
8.881604281923138444e+01,1.967824067772350460e+01,-1.214210334288121373e+01,-1.773717205130201036e+00,-3.441734977862870970e+00,2.157605254582056986e+00,-4.728919796107034834e+00,-3.475904288884653415e+00,3.452380182912936579e+00,-5.896021649949990895e+00,-1.143510439500136311e+00,6.271708376445095823e+00,-1.349644555055028006e+00
8.892964848847707060e+01,2.030472288756645227e+01,-1.226485861965761437e+01,-2.290048141580007357e+00,-3.550227615228340738e+00,1.705387118361757270e+00,-4.740774920397290870e+00,-2.828115668554382456e+00,3.141845942415607773e+00,-5.642942528117571577e+00,-1.002968898005027976e+00,6.037661958045941191e+00,-1.460255332666922312e+00
8.930963022468121437e+01,2.002882405113486541e+01,-1.200340168653590744e+01,-3.863314396827537855e+00,-2.718828903964358279e+00,5.374186589557922167e-01,-4.483600476821250069e+00,-2.255337947354188355e+00,2.630486374967872631e+00,-5.264030939181573387e+00,-3.218006610760584807e-01,4.981033741906973233e+00,-1.213348227552186742e+00
8.888607853009784776e+01,2.081854830910293330e+01,-1.250780282842047164e+01,-4.320574976117725896e+00,-2.573899167979723845e+00,8.087123141653889125e-01,-5.116112122288225095e+00,-1.247063880483339382e+00,3.050121610292654495e+00,-5.763910951576860064e+00,6.311049061412444816e-01,4.487500756507722954e+00,-2.235122665395701702e+00
8.831275853136367004e+01,2.084371430784204193e+01,-1.171366782739340628e+01,-5.003640564582849670e+00,-1.987964498166631344e+00,4.001330388261342685e-02,-4.065378080446162556e+00,-1.368397321296344504e+00,2.077314793312491137e+00,-3.933215774923955799e+00,1.015711220625542532e-01,3.563339291687347199e+00,-1.052601523624020707e+00
8.697121116412347419e+01,2.214436628108035876e+01,-1.171651480368163867e+01,-4.984757747637870828e+00,-2.016189320610441538e+00,-3.653389840022874258e-01,-4.025529942260004823e+00,-1.467866345100362180e+00,2.050325552768810677e+00,-3.279789960383154845e+00,-1.550797739581234458e-01,2.980514168578555001e+00,-8.569430812171625611e-01
8.670378867928279476e+01,2.294436402317013801e+01,-1.190344765864347032e+01,-5.904268589020011504e+00,-1.966015628171055907e+00,4.811529780239388598e-01,-4.812451042971584769e+00,-1.243187711979785393e+00,2.945911843817991649e+00,-3.565161194056062133e+00,-1.054036878183054249e+00,3.380897048085847345e+00,-1.128147562606717447e+00
8.604819556626341637e+01,2.328641910389689684e+01,-1.134358332439564165e+01,-6.509522590785419283e+00,-2.177132412492701175e+00,4.231704696605076421e-01,-4.435747920122606658e+00,-1.662098625660259454e+00,2.947861471507632114e+00,-2.949863642036284705e+00,-1.138827308019856765e+00,2.468475810081584676e+00,-8.960769451410859343e-01
8.559626711499429064e+01,2.297360985792320065e+01,-1.037489388063809415e+01,-6.471088457848332531e+00,-4.170479811623592603e+00,2.394168102284155886e+00,-4.547833965711335580e+00,-2.642942438282031681e+00,4.001561355864175162e+00,-3.195068344647376435e+00,-8.454341037959247629e-01,2.173935175264281927e+00,-8.386015748173615281e-01
8.466797071845113010e+01,2.297923299458415514e+01,-9.316691355987442691e+00,-6.531191949698004429e+00,-5.321945340457888030e+00,3.225637940606623566e+00,-3.843322611939310907e+00,-3.992314010316507122e+00,4.871297312000242741e+00,-2.980861023304174573e+00,-1.423717492616642710e+00,2.568826565491835190e+00,-6.200472536366109511e-01
8.405238591434489592e+01,2.291787386126953407e+01,-8.895804962783792291e+00,-6.243668111184205394e+00,-5.717773884656037531e+00,2.921194160986006150e+00,-2.611164506923521866e+00,-5.181595013577087627e+00,4.099162232699138819e+00,-2.167426568257553310e+00,-2.522995452738069133e+00,2.637241061203901893e+00,2.952154101536874076e-01
8.373005970443783497e+01,2.275575162585035827e+01,-8.156551987012075955e+00,-5.468648766855043419e+00,-6.756377962635234269e+00,4.415095169194403368e+00,-2.645526464791273735e+00,-5.916779271998831469e+00,3.902275236868827601e+00,-2.297233487138611974e+00,-2.889982291638080181e+00,2.832872697233942194e+00,3.890271916718145984e-01
8.308341983282352317e+01,2.219077135368507214e+01,-7.639013243002150233e+00,-5.299405451370708953e+00,-6.890099031488857051e+00,4.585762663575080111e+00,-2.363074458259986521e+00,-6.154679430202473434e+00,3.877955892308646568e+00,-2.548363514763391624e+00,-3.207573255647354404e+00,2.686572418890824210e+00,1.177209833245937531e+00
8.263429505640638695e+01,2.140291093059817484e+01,-6.797347563351824995e+00,-5.011164860541085453e+00,-7.455300889055069824e+00,4.306690883330811737e+00,-1.329444844868570952e+00,-6.010451673034619802e+00,3.084021516495021764e+00,-2.570654612728669797e+00,-3.654287151687097612e+00,2.618680412187980089e+00,1.011271929384296442e+00
8.128989170958188026e+01,2.087049521625906223e+01,-5.820037800378072390e+00,-4.949977155475773216e+00,-7.738404067306815293e+00,3.834753398180895445e+00,-9.456076828689476965e-01,-5.172140706701839008e+00,2.287278900320101727e+00,-2.497806986494975678e+00,-3.307494120923304859e+00,2.105549315752744732e+00,1.252225571854480801e+00
7.952514710274299148e+01,2.135361518397936464e+01,-4.986993883373424197e+00,-5.025102753906819153e+00,-7.919139327170111819e+00,3.001656057610687434e+00,-4.660488369750857562e-01,-5.134101760324516484e+00,2.480194472272339468e+00,-2.855926143866236444e+00,-3.623324854829917285e+00,2.179970379073834064e+00,9.751618047998424910e-01
7.845328847628493918e+01,2.226418877501910742e+01,-5.009920199364915838e+00,-5.291587886844395072e+00,-7.049804899012291237e+00,2.231366217463933932e+00,-4.225601052441236849e-01,-4.800120797067943812e+00,9.963425260641968206e-01,-1.858999626316881537e+00,-3.126121064988442555e+00,1.613628098736195060e+00,1.511658613126981354e+00
7.707949974459934595e+01,2.345282590898986541e+01,-3.483897539768019413e+00,-6.926773018378939106e+00,-6.377854997685687088e+00,1.413262544525651254e+00,-3.392704702470841771e-01,-4.174633106389760151e+00,-5.456502892124491799e-01,-9.929534594799369618e-01,-2.609017450882161082e+00,8.679581628587229591e-01,1.300126328300342582e+00
7.642467483416524487e+01,2.333665607061424652e+01,-2.937530874361712119e+00,-6.690856439305030712e+00,-7.627476559478862939e+00,-1.634147267444920615e-01,-3.133619870487367454e-01,-3.397826560196778978e+00,-5.605292016519747289e-01,-1.472402155243496713e+00,-2.352933310538098510e+00,9.900712509562539787e-02,4.143904754233270760e-01
7.637428502370413241e+01,2.240736800871144041e+01,-3.836173187175014210e+00,-7.225858337760103112e+00,-7.672693838619209394e+00,-1.139318108798175189e+00,-9.797195752454924689e-01,-2.847285059462321577e+00,-1.599771719682729243e+00,-1.943255547567047437e+00,-2.333916767309163198e+00,-3.888760930959626189e-02,5.580794918117270020e-01
7.547157665899614187e+01,2.182283691030239225e+01,-3.318467072125192985e+00,-6.245389154207503069e+00,-7.707974965176600968e+00,-1.278212806122390299e+00,-7.686770097693417236e-01,-2.571953088322965097e+00,-1.943104803357160959e+00,-1.475303189933402370e+00,-1.124886870557403773e+00,9.985235521978249110e-03,-3.491845295261675197e-01
7.473300598698629926e+01,2.083818788921611187e+01,-2.363703368586388631e+00,-5.625424214928361977e+00,-7.981176990776170044e+00,-1.705517022878731526e+00,-7.671441534624973135e-01,-1.088878743852440101e+00,-1.440774760937652443e+00,-9.212823540220348439e-01,-1.326102847562717013e+00,-6.123534331764201033e-01,-2.412392478703647147e-01
7.436842555323305248e+01,2.073270919711950810e+01,-3.367543038660239407e+00,-5.943387336814283550e+00,-8.275301852009764758e+00,-1.568608232898127675e+00,-9.303467173238346710e-01,-2.054910397912631304e+00,-1.731798458890106529e+00,-6.606666329289480055e-01,-9.793265107904403077e-01,-3.313009673193124671e-01,-7.912411779146497626e-01
7.432730844451265284e+01,2.067415550120313839e+01,-3.478116877997781131e+00,-5.188846500858894650e+00,-7.333219201650456931e+00,-2.122402121135173125e+00,-2.202225365191183837e+00,-2.954489885839019614e+00,-1.276818210557572275e+00,1.962120460445781756e-01,-8.671240403347838521e-01,-5.272880180797367977e-01,-3.684441419387707861e-01
7.393818750212510338e+01,1.959513155873820267e+01,-2.964522991110488892e+00,-4.009757468933322855e+00,-4.642782264832537642e+00,-1.773177322455716354e+00,-4.977077781719583705e+00,-3.697365666421048580e+00,6.763270017939642109e-01,6.924496594220653778e-01,-1.347652413620858081e+00,-9.826594155014958254e-01,-2.797765623849730182e-02
