6.467614251689651894e+01,3.451133679156959566e+00,3.186117540691606909e+00,1.530161664099444785e+01,-3.230995902587868063e+00,3.505276422511969248e+00,4.418853853750667859e+00,-6.349116985379510858e+00,-2.012817790931539008e+00,-3.636481555365253637e+00,-4.246082840670211134e+00,5.332119919044199241e-01,1.661490049872726416e-01
6.519247988204107003e+01,3.021775794230902257e+00,2.211294700497071108e+00,1.791343655124318346e+01,-5.704663797740360920e+00,3.480031960960408899e+00,4.437757253469841956e+00,-6.728508374200541375e+00,-3.892563994095061375e+00,-5.002628047651821674e+00,-3.356525161037087646e+00,1.421816284540251996e+00,1.714605045665380967e+00
7.081725518770593908e+01,3.137808872456649745e+00,2.274036693947771581e-01,1.529472602217494348e+01,-6.273499722592407402e+00,4.608660688810440220e+00,2.462944002814770439e+00,-6.211506805544968479e+00,-4.394615075565160289e+00,-4.205649168280728212e+00,-2.817285695115443023e+00,1.006217184885775051e+00,2.396415527376102972e+00
7.165234453011532878e+01,5.900540295319459894e+00,-1.571814741609911081e+00,1.456766769551734875e+01,-4.589431898669661614e+00,5.099028066007344151e+00,2.585139050279497752e+00,-6.758781520431581313e+00,-4.347134815323770773e+00,-5.182759404215000032e+00,-2.475504357618135476e+00,1.871845412380449769e+00,2.105552764256408693e+00
7.342892066948255092e+01,8.877418212056511493e+00,-3.359152529647901897e+00,1.274985812418063702e+01,-3.095279543237988928e+00,3.909484260312093618e+00,3.764758174763668030e+00,-6.724703518033870786e+00,-4.926381253236718827e+00,-3.698640979951580920e+00,-2.941691333455376700e+00,1.563693815722354996e+00,1.859723865897389361e+00
7.548694982788839525e+01,1.172457069919848394e+01,-6.930559824149847614e+00,1.106409198830733054e+01,1.670199747804978818e+00,3.963348623561974815e+00,1.517619619139942921e+00,-6.729813136865669065e+00,-4.565369698268828103e+00,-4.921506314833984597e+00,-2.827665548015537933e+00,1.957784433919993461e+00,1.506386709866776918e+00
7.645398155145785779e+01,1.590188421211219705e+01,-8.318963646703176451e+00,7.299504488278623526e+00,4.150536524444965458e+00,4.691132174799226284e+00,-1.552332537980223970e+00,-8.271710453687575182e+00,-3.045732971112901755e+00,-5.150080122925266402e+00,-3.375733242621081320e+00,3.414626941817622274e+00,7.146805922323243854e-01
7.628067564524297950e+01,1.821389370232967408e+01,-8.081038032285764672e+00,5.147372144475014899e+00,5.038457141714060228e+00,4.734950284456581393e+00,-2.734974944573089761e+00,-9.308367552532548217e+00,-7.823832254316422929e-01,-4.478463529607390470e+00,-4.585655765564644604e+00,3.653318547993362753e+00,7.966432121126828525e-01
7.796938895419346238e+01,1.889962140485597430e+01,-8.272916467424753506e+00,3.478094693898957868e+00,5.169056294177139854e+00,4.406015202083727544e+00,-3.392060946579541714e+00,-8.638712802127523460e+00,-6.459681232704815868e-01,-4.162990429921432423e+00,-5.276748344314510675e+00,4.329224139154496775e+00,2.129756823374274743e-01
7.776849824564473579e+01,2.043263241348487469e+01,-8.559669166755096370e+00,2.773358453868396190e+00,5.135490175433199411e+00,4.062432257768192834e+00,-3.894840659297675867e+00,-8.958656848459048305e+00,-1.027120502496112975e+00,-3.359874685684536288e+00,-4.601247531491362786e+00,2.992780352008286293e+00,-3.222968609274470819e-01
7.911053168544613357e+01,2.010540924670545948e+01,-7.496170649795457663e+00,2.176241424591298657e+00,4.043975225051956279e+00,4.361268084405334200e+00,-3.911280112285138610e+00,-9.524003000810168373e+00,-9.048584930963079476e-01,-3.121410706569253346e+00,-4.230288089608280622e+00,2.992936801890429876e+00,-5.705094520664508728e-01
7.976380911655654415e+01,2.056158877553189512e+01,-8.046762454272366583e+00,2.366203146825136550e+00,2.578163833978828645e+00,4.061899564435933918e+00,-3.317694755265860884e+00,-9.972133078627139824e+00,-1.326332405003632031e+00,-2.906674312842793650e+00,-4.613491920030270421e+00,3.493985825763325614e+00,-7.342527313531809208e-01
8.102351026547286494e+01,2.053422935953060957e+01,-8.271956050804160299e+00,2.130212734904583183e+00,1.367308219773120559e+00,3.106557825239023352e+00,-2.448147202074009154e+00,-9.943409119458619827e+00,-1.596773056675933500e+00,-1.951602247266565060e+00,-5.151459703090240261e+00,3.556368468008557215e+00,3.604317705474155975e-01
8.040522536407873133e+01,2.217871959158016892e+01,-8.560979407756944326e+00,8.887151186711906847e-01,1.790536830527621470e+00,2.842319951196114136e+00,-2.000343029571566511e+00,-9.447002211072625499e+00,-1.330871878582604362e+00,-1.797523160848451651e+00,-5.628767425951718195e+00,4.065895534494865515e+00,1.584377107266825346e+00
8.029285306471113870e+01,2.186855053087121448e+01,-8.388792905500839225e+00,3.917736978202106257e-02,2.033265409200368801e+00,2.210342871192783498e+00,-2.168666846424450956e+00,-8.423140235448931534e+00,-1.816113346918804883e+00,-2.294900188926654483e+00,-5.494363634041246058e+00,3.431402869928227517e+00,1.427296912380450866e+00
7.894743530552946709e+01,2.342144748261789644e+01,-7.933780638579086109e+00,-1.122502886334875605e+00,1.756762354196119480e+00,2.271379697930307806e+00,-1.742316375137245021e+00,-7.329644428243575760e+00,-1.394385689650770699e+00,-2.185537024309749832e+00,-5.675316390929838306e+00,3.022967449796551964e+00,2.040455574523786009e+00
7.886928010794527211e+01,2.335304811276507309e+01,-7.787796733916730219e+00,-2.140856354584788956e+00,2.548691585324370568e+00,9.939558646367121497e-01,-2.558727672701443634e+00,-6.186411203131941150e+00,-1.122728179533392989e+00,-1.777184976956937446e+00,-5.927761584163495634e+00,1.564661100490349899e+00,2.214717398333184040e+00
7.917044943433064930e+01,2.344268846877247015e+01,-7.855076843866884317e+00,-2.019682217034878491e+00,2.017221446278802954e+00,9.524903008196117238e-01,-3.839890941719421580e+00,-5.095872802236464771e+00,1.002180868444195599e-01,-2.552112603355550569e+00,-5.939289355665660075e+00,1.858683123451872143e+00,1.716807539176407049e+00
7.980037607258229571e+01,2.359379374834916021e+01,-7.737609445428804911e+00,-3.039319783823124066e+00,2.517315285392277779e+00,8.691420497594389838e-01,-4.314470021229432461e+00,-4.702990454343278337e+00,9.209804085877535407e-01,-2.439535291478327039e+00,-5.585216738691301863e+00,1.177769442381746190e+00,1.540348050833795890e+00
7.940045430540385496e+01,2.420256364977261754e+01,-7.978923703680776747e+00,-3.415086966411644109e+00,1.296163301614465801e+00,1.165826151286950774e+00,-4.427596162578272043e+00,-5.259623371936725356e+00,1.789135616037740961e+00,-2.802690400054580255e+00,-6.333737736576004806e+00,1.413086341868343254e+00,9.717693743774661330e-01
8.026555426168641816e+01,2.364006336211615533e+01,-7.589271765957438021e+00,-3.446165242572823750e+00,1.131878588250369688e+00,1.487664229322252840e+00,-3.848952632975781274e+00,-5.072159740919273574e+00,1.824141435411067214e+00,-2.625952607540813055e+00,-6.262198879300324705e+00,1.811052556575155625e+00,1.091974173934061598e+00
7.940724215158681432e+01,2.407539733535090676e+01,-7.598561583123117913e+00,-4.346805069055892368e+00,1.005555106542716848e+00,2.110947153695132972e+00,-3.856984824841521053e+00,-5.428767315289563911e+00,1.651623161403736884e+00,-2.711769000024261356e+00,-6.348272418539971262e+00,1.529555953938905866e+00,1.079445218499781145e+00
7.763878994085445129e+01,2.449110948673896004e+01,-7.264980648496015547e+00,-5.007642353000109736e+00,1.091990699288784450e+00,2.620049457281092842e+00,-3.372096449420845854e+00,-6.121184513574725372e+00,1.397869495609489920e+00,-2.999638568612112532e+00,-6.797231534641155370e+00,1.705019599562604959e+00,1.267225080533044945e+00
7.730542479005339374e+01,2.348148958421640842e+01,-6.028309608603513503e+00,-4.449925179300971756e+00,7.071296175095140857e-01,3.816152644828426421e+00,-2.837591954371681435e+00,-5.503513767035626003e+00,1.124312804491335749e+00,-3.609318595967630383e+00,-6.471674918706191271e+00,2.061689940895615081e+00,3.827268529104169148e-01
7.583036092551849094e+01,2.321145951066353419e+01,-5.199151541451364267e+00,-4.531293097170314255e+00,-3.494906250865937869e-01,4.549547966863963566e+00,-2.181588396409510189e+00,-6.107969062406723104e+00,1.043026743111435950e+00,-4.340284826691391373e+00,-6.958548921597467185e+00,1.741382479211913914e+00,5.625657968255416419e-01
7.500064289770652692e+01,2.383972701782683501e+01,-4.280984994300758295e+00,-5.188288939134093170e+00,-1.138879489653886884e-01,4.366855175226056929e+00,-8.303155170257396911e-01,-6.041760437676543916e+00,-1.205143899636328397e-01,-4.366441619709815036e+00,-6.225331058404698581e+00,1.655477101783393579e+00,1.057204883452187216e+00
7.457083781600685768e+01,2.370135108478885400e+01,-3.129892733673689253e+00,-5.187434172638492491e+00,-1.027399757628452592e+00,3.721215806174489327e+00,-7.961885474109121619e-01,-5.022464618180393359e+00,-1.193134559891272373e+00,-4.026267994225436908e+00,-5.751566949677465956e+00,1.344344351449338948e+00,5.656131275996458818e-01
7.380496489632166401e+01,2.389805258363535145e+01,-1.757234970729233625e+00,-4.882940662421110467e+00,-2.185143614115165445e+00,2.704098111154826789e+00,-1.009382963920751219e+00,-4.028594302998906862e+00,-1.155809334774482000e+00,-4.141577664270369219e+00,-5.535218127698430912e+00,1.121114385113310297e+00,1.172362039332796257e+00
7.467833537394339771e+01,2.432016181365049690e+01,-2.167686427572590446e+00,-4.543372473485252527e+00,-2.534541547145255258e+00,2.105244476141539867e+00,-1.035712587473207158e+00,-4.212303712960646429e+00,-3.857448658509070594e-01,-3.823957088337750942e+00,-5.701476382553722466e+00,1.961854943660454875e+00,1.558787869040991314e+00
7.434111887477280334e+01,2.400733861628369681e+01,-2.105129922489870520e+00,-4.813417916325129831e+00,-2.151692309428447469e+00,1.520116026559408029e+00,-1.329151559770911817e+00,-4.628122353883818541e+00,-1.186081377317097285e+00,-3.319996645182205608e+00,-4.570978455849669331e+00,1.132136981998792979e+00,1.682678536894475885e+00
7.392289935921961330e+01,2.426995827391158755e+01,-2.239840073954124211e+00,-5.017080723165802780e+00,-2.567015377349382899e+00,6.475057097100268555e-01,-1.428659922628112477e+00,-4.154431945715219676e+00,-1.080737385086943503e+00,-3.122415217342636939e+00,-4.433997287338830695e+00,1.716480595523369290e+00,6.736572070061035422e-01
7.526556704936909625e+01,2.391345747938290955e+01,-3.191494788550643946e+00,-4.446696845832836864e+00,-3.123936248438117680e+00,3.993342641039607233e-01,-1.922345583357967902e+00,-4.171071128002943773e+00,1.416713087153737560e-01,-2.398384656410304405e+00,-4.972323245919685775e+00,1.338416173443802260e+00,5.935136937388618694e-01
7.504073998919587041e+01,2.400897206828829056e+01,-3.461551776705037664e+00,-4.658136968174733106e+00,-3.449928631993260275e+00,-3.759809044237770181e-01,-1.852934844325905051e+00,-4.840000848911695464e+00,9.079668919060808197e-01,-1.486100283653275289e+00,-4.759255171729082079e+00,1.831498343984806709e+00,8.317878048570732652e-01
7.474499460228737746e+01,2.402959822004885737e+01,-3.543497695808849546e+00,-5.137743987852256389e+00,-2.496924166088167141e+00,-2.141792195353321160e-01,-3.543959375618047414e+00,-5.728689567884411638e+00,1.444537052196078308e+00,3.206128758879115415e-01,-4.487957389565162103e+00,6.731850096282543383e-02,-2.750010471077311003e-01
7.405836676803939156e+01,2.355833030040480125e+01,-3.546597854534368821e+00,-4.885060724033432500e+00,-2.924526427096505898e+00,-2.427827387813092930e+00,-4.292618927301594667e+00,-5.559544433385788409e+00,1.893754469244349758e+00,9.357349554184497542e-01,-4.789272553330770954e+00,-1.562445990690620512e+00,-7.642245389240849285e-01
7.346384138116822271e+01,2.334077493046082807e+01,-3.780102360374911097e+00,-4.732418301328745969e+00,-3.195797135702639125e+00,-2.409188709604290324e+00,-3.701956734803379057e+00,-4.450335911500526542e+00,1.922137302495731781e+00,5.287385368956629694e-01,-4.589107670846262366e+00,-1.119716082455510797e+00,-8.791021839855565068e-01
7.066112966888175606e+01,2.257345453459199902e+01,-2.297773746370750381e+00,-3.409521897489751208e+00,-2.682061851027629729e+00,-3.086021761287840448e+00,-4.427640712317883143e+00,-4.660196738800832961e+00,2.488685394057255529e+00,1.127156646353001168e+00,-4.721432755814754856e+00,-1.857311659542324023e+00,-1.238552110773210702e+00
