4.514337304285021446e+01,9.839552594003196262e+00,6.649914221033702333e+00,6.026634341733099198e+00,3.964518700923281180e+00,8.069509833227840601e-02,-2.402044968523162627e+00,-2.645885217575716375e+00,-6.128601578448253928e-01,-2.714216050604359332e+00,-2.515200810945386500e+00,5.079589704309258463e-02,-3.128418807651863531e+00
4.987033539413437921e+01,1.397978943408601182e+01,7.157657667079960540e+00,4.961516678038520922e+00,3.967861780533645799e+00,1.039201133607388305e+00,-1.755952150828348657e+00,-3.088600376822349336e+00,-7.386614531401020090e-01,-1.072903793382414372e+00,-1.548434193724955721e+00,5.117679952936752263e-01,-1.799870002491013032e+00
5.396629763925378143e+01,1.906698624095949057e+01,7.390773585493514375e+00,1.720168254339053515e+00,1.665014322830603355e+00,-1.166055312166108360e+00,-3.335515786548093331e+00,-2.004341140780965258e+00,5.846583747981857204e-01,-3.604556413720604868e-01,-1.192115489941776962e+00,-6.914463845886000826e-01,-2.244036316594635760e+00
6.226983452079700498e+01,1.812223452002740487e+01,3.479026319215515084e+00,2.603074709591982838e+00,-1.781157293071945702e+00,-2.531291396003858107e+00,-2.931237295064447412e+00,-3.068835476455124223e+00,4.597598115312390155e-01,1.513524346437543855e+00,-8.174332502210247542e-01,-1.301498329335377235e+00,-2.910751608742862651e+00
6.385293623115180850e+01,1.839017034758569480e+01,2.459364683999766488e+00,2.467267044361773021e+00,-1.719823431905896260e+00,-3.363118047494457308e+00,-3.105884709123930332e+00,-4.973671872034310937e+00,2.575055747199784251e-01,1.609634757499323499e+00,-7.294328507086073055e-01,-1.791150403338620245e-01,-3.758315012044199044e+00
6.448903544860472437e+01,2.222035067357290217e+01,2.130006261533371248e+00,-1.460615736451290926e-02,-1.049653041572138346e+00,-3.826958814484406890e+00,-4.914479770391065649e+00,-3.192715526095103673e+00,1.339421455847959352e+00,-3.111709253355131322e-02,-3.043762532438983870e-01,8.833994620810258214e-01,-3.538142454672990045e+00
6.664984682057237819e+01,2.369627557336274748e+01,7.451579622692304783e-01,-1.214578717152041021e+00,-1.085515279424094759e+00,-3.706388267099962164e+00,-6.815414514865532070e+00,-3.235886448659973436e+00,3.441975314150546250e+00,-2.373705849381078370e-01,-9.502162034465199136e-01,2.508647710037073542e-01,-3.296685818971413440e+00
6.975323473275059882e+01,2.406030707250440415e+01,-1.634858805266176329e+00,-2.103508568203563023e+00,6.582363351531861362e-01,-3.815179715921691805e+00,-7.749593498378308354e+00,-3.901018680162086749e+00,4.131658919893322235e+00,6.772366890300822728e-01,-1.212014391148348080e+00,-4.789501894703111495e-01,-2.542142962870864942e+00
7.144958731393889195e+01,2.462188485698610663e+01,-2.934468568409438038e+00,-3.232670832871835209e+00,4.573009994048106708e-01,-3.018388098578454137e+00,-9.001044801466241196e+00,-3.748798787260052112e+00,4.813135093650664054e+00,1.132167165403997977e+00,-1.643781538024303490e+00,-3.393674872143171428e-01,-1.710640200791071708e+00
7.301630204279996406e+01,2.525675733496135678e+01,-3.781861224520057796e+00,-4.566148120359559748e+00,2.632589083510642469e-01,-2.757729425277053448e+00,-8.513851416178521703e+00,-3.502434718567094762e+00,5.333271180488789120e+00,9.431339467845492042e-01,-1.624015711001478568e+00,7.889978968018415695e-02,-1.173536988314929141e+00
7.494069351837045190e+01,2.508252827830222742e+01,-4.357124098077801655e+00,-5.402622774881205459e+00,-1.578670891043818969e+00,-7.233586514482368557e-01,-7.922403788901253741e+00,-4.381774013365662412e+00,5.104576565251151443e+00,1.553043939316257616e+00,-1.846504429776313794e+00,6.748184258648446399e-01,-8.074700147942793782e-01
7.706141454972713234e+01,2.500003639364917873e+01,-5.341298274267324508e+00,-6.077628540380534794e+00,-2.688118695283863158e+00,-3.053827766917115993e-01,-6.404577436478226637e+00,-4.669457777306998736e+00,5.079595288814648057e+00,1.749604400574804375e+00,-2.470948835007136246e+00,5.361466952079187998e-01,-4.142575225523950078e-01
7.912777535512277893e+01,2.504931970095989868e+01,-5.942991127249692696e+00,-6.464708326951718043e+00,-3.156199901622604553e+00,9.144492456482543608e-01,-6.001658566821811647e+00,-4.421742388591949791e+00,5.257492499559011989e+00,2.354525725115328427e+00,-3.383196706386356389e+00,8.212975457395403911e-01,-5.698025762458939214e-01
7.948136152859842696e+01,2.513434427094143331e+01,-6.070902700524792195e+00,-7.496250157907476286e+00,-3.241436494800153056e+00,1.155489288474839782e+00,-5.825481136210816757e+00,-4.138701045400974721e+00,5.139458978795618194e+00,2.040696844959766221e+00,-3.087356516402471662e+00,1.095313523778168735e-01,-6.622861410392421044e-01
8.031804153757539666e+01,2.342630925091206961e+01,-5.572702419917519912e+00,-6.215394350487491337e+00,-4.292246384990837882e+00,5.334917034386330581e-01,-4.730454098416513098e+00,-3.845749088840291208e+00,3.647010602659169987e+00,2.813873280190100523e+00,-3.159763153998751850e+00,-7.867030260041475709e-02,-3.426765334122772733e-01
8.043184503121707962e+01,2.357992542997234153e+01,-6.244897597353918250e+00,-7.081440290351578959e+00,-3.344300876406280487e+00,7.670887791128963018e-01,-5.731972383229726020e+00,-3.609544478145048974e+00,4.413588020183792260e+00,1.978325597278527637e+00,-2.520946535251668230e+00,-1.579763248633044848e-01,-8.467537270603333610e-01
8.060382143646830855e+01,2.394575659450960714e+01,-7.759485189237224745e+00,-7.405282635718624995e+00,-3.207435438480323864e+00,3.379294733417644303e-01,-6.281431321029952386e+00,-2.078831939446261323e+00,3.621454585368236057e+00,1.031852467567858422e+00,-1.123351795143049836e+00,-9.579929912941944625e-01,-1.353418167296660313e+00
8.134599811687202475e+01,2.446885939043141889e+01,-8.463678148780001465e+00,-8.303065818544066445e+00,-1.595047502215213520e+00,-1.376204714465782131e-01,-6.499519817801670207e+00,-5.079604151543759549e-01,3.204323294351294038e+00,4.730100776607287227e-01,-6.705835763348194645e-01,-1.434138599723883134e+00,-1.200824379390016627e+00
8.271577783652897153e+01,2.324122921190080149e+01,-9.144755505085264247e+00,-8.328357140035109296e+00,-1.268437145481282835e+00,-3.535926238959836154e-01,-6.098826548289457250e+00,4.375247434773301136e-01,2.720938529141552209e+00,-4.191435561799811832e-02,-4.924231771828278537e-01,-1.223506691830875681e+00,-1.036393960229516686e+00
8.205676720943721136e+01,2.397696474757997720e+01,-1.020342996213926767e+01,-9.016457983268905352e+00,-4.748727526564471280e-01,-1.087296624750630381e+00,-5.156737168544226257e+00,5.979137357174447720e-01,1.707272661362824406e+00,1.464814078897248850e-01,-1.560488047268428158e+00,-4.536003564369649466e-01,-1.110952214366639934e+00
8.234518457928730584e+01,2.345225293443578707e+01,-1.137644071139070334e+01,-8.646022363521213450e+00,-7.071765538965631981e-01,-8.101651648228302971e-01,-5.028190571389518304e+00,-6.232852682921737747e-02,1.797095736317830816e+00,-9.646896941826810234e-01,-1.551316104123745099e+00,-4.664885220469612744e-03,-1.222355534057254944e+00
8.278830111311722817e+01,2.082269201377388868e+01,-1.207243218083967129e+01,-6.165105206863662701e+00,-2.237658939060891861e+00,2.042939575776360206e-01,-5.486152678390072701e+00,-1.619326122980527138e+00,2.211385858732801246e+00,-2.565293679482900657e+00,-8.139293381929082472e-01,5.289740367890782835e-01,-1.793995681050763125e+00
8.247807129172601037e+01,1.848710489294110459e+01,-1.282383381544318901e+01,-7.268693885748151118e+00,-4.473933479378281675e+00,-4.227703463399908740e-02,-5.721084390069961501e+00,-1.392769493408076542e+00,2.055735359380627791e+00,-3.993855078943917558e+00,-2.179425821203647917e+00,2.113712697132677509e-01,-2.379983439900479780e+00
8.075648593622157989e+01,1.767896211467013856e+01,-1.116851659010074371e+01,-7.405819677135133006e+00,-4.220615969582419247e+00,1.435997212836461090e+00,-4.722348269050521630e+00,-1.344553468427059029e+00,1.943123408054258761e+00,-2.746358937271686784e+00,-1.213538300302756001e+00,4.265431854551560709e-01,-1.944352328966307164e+00
7.717046928920998994e+01,1.916129205048939710e+01,-9.908239252183905776e+00,-7.126540787349187944e+00,-3.945128515107447775e+00,2.616490126995530408e-01,-3.120955582080594315e+00,5.366552819348102688e-01,2.434880327046512694e+00,-2.252796784149977860e+00,-1.130664427030073416e+00,2.021811639011040773e-01,-2.050220166905924568e+00
7.714851197878341793e+01,1.857799256332849325e+01,-1.171867305554963501e+01,-7.396118495559766970e+00,-7.694090177496225591e-01,1.123212067155050509e+00,-3.053831268736360016e+00,-2.744472663347520269e-01,1.379301147723876353e+00,-2.667855556588385024e+00,-1.465249281526569858e+00,1.567752698587431048e+00,-2.088447794524070644e-01
7.304445881769461835e+01,1.812209030238998153e+01,-8.546107116551890925e+00,-7.111818482707199074e+00,-1.933189479617904549e+00,2.422334759996038617e-02,-3.257929013472861790e+00,1.682142050990141358e-01,1.556277757576214116e+00,-2.239549710664155757e+00,-1.883909580885155144e+00,8.666076212818902835e-01,2.487495473045426286e-01
7.295590614547882069e+01,1.728177038483592298e+01,-7.594749649429012983e+00,-5.857997364774842453e+00,-1.988945384000233574e+00,8.155792254928967422e-01,-3.348985436559319240e+00,-5.347358984628530071e-02,2.344820824930014425e+00,-3.141474812426540808e+00,-2.993686361113121031e+00,1.693557340347780604e+00,8.465493610749257325e-01
6.713100192784762044e+01,1.530955951420164673e+01,-5.949077428331174922e+00,-5.775043858227896010e+00,-2.211425148690117748e+00,1.269793829541245866e+00,-1.683452929344465110e+00,8.983835158050643699e-01,1.025366865360849644e+00,-1.566369243905594066e+00,-7.554926446043433996e-01,1.198942533440977565e+00,4.916625047177459740e-01
9.027882316035626786e+01,-9.015428845512159839e+00,-3.594752948048192565e+00,-4.711786330236765186e-01,-3.979630239344586595e+00,4.538155257573993850e+00,-7.565587692515932439e+00,1.311729602138818340e-01,2.288283595503041168e-01,4.517337739685536313e-01,-3.398752657614900752e+00,1.875530374152490909e+00,1.588277411536951622e-01
8.108172745561560646e+01,-1.200006665296991670e+01,-7.391204244303663629e+00,1.455943925831865382e+00,-3.750757460252642339e+00,6.020901986399134209e+00,-5.647846621839764936e+00,-6.641765135797111919e-02,-5.756491845310437450e-01,1.289561868958713164e+00,-4.158610051070954050e+00,1.128421860349713590e+00,-2.594155438808833924e+00
6.427181963188613167e+01,-1.027613631939996353e+01,-6.879477239804370647e+00,2.772335450715880611e+00,-3.514271408361753224e+00,3.749835188007771603e+00,-4.908760366725597457e+00,-1.289199023860207127e+00,-1.319325065884884962e+00,3.241520120729552423e-01,-3.612928724163856131e+00,6.341919722988647035e-01,-1.479158537957036001e+00
5.779609716940080233e+01,-8.836038860680734075e+00,-5.021781532376473400e+00,6.015559292438439343e+00,-3.146425831165726716e+00,4.163382141861848851e+00,-3.924114147163222377e+00,-1.388508279597910677e+00,7.108099639978083806e-01,3.379015580756119380e-02,-2.607001584610550537e+00,-6.748095076795765923e-01,-1.405526465490777310e+00
6.086389715100418130e+01,-1.361120177174219847e+01,-8.350548693475198903e+00,6.524724994534831346e+00,-3.149608841258376923e+00,4.349439473603543327e+00,-2.753449060688782257e+00,-4.421860051245887768e-01,2.418160919901516603e+00,-3.874777052955945961e-02,-2.220744591912427790e+00,1.588750892114535906e+00,-2.482953955148139991e-02
6.333531077862402014e+01,-1.546523364421576474e+01,-7.458974841111039034e+00,8.904659113364836287e+00,-5.342757080334158637e+00,2.976406733771318258e+00,-2.481613473619684207e+00,7.742445857289635969e-01,-9.509746810289355645e-01,-1.779952385255749503e+00,-2.632910114890633091e-01,-4.460285632037368220e-02,-7.288654068053560531e-01
6.844348078848096861e+01,-1.591766196775949282e+01,-5.282025093008697603e+00,9.904339160476585135e+00,-4.208197880937251334e+00,4.112307534696133970e+00,-1.093943077421492660e+00,3.143474363854734221e+00,-1.024192127309946576e+00,-7.941741774053122371e-02,-7.312811487048624937e-01,1.001028761996468619e+00,-2.153523089917574129e+00
5.810930691260200831e+01,-1.439667963890716074e+01,-3.290063826120806389e+00,9.620659630179630994e+00,-6.293244370616019268e+00,2.137725699590922179e+00,2.364272742864429178e-01,1.097013143517840073e+00,-5.253104755384551128e-01,9.258083452046144135e-01,-2.054432049345344513e+00,-2.239557606265777379e-01,-9.847084736242240899e-01
5.383858825498012379e+01,-1.309642353513919488e+01,-2.469671265459147946e+00,8.360916134616704909e+00,-4.564958006914066502e+00,1.703308884324492123e+00,1.024179770187373523e-01,-3.272184445162948374e-01,1.782067049393253333e-01,7.765521975974470914e-01,-1.347570079927232767e+00,1.413654534717395883e+00,-2.432087013829475008e+00
5.911644204007586012e+01,-1.947842302565904760e+01,-4.089100103692691057e+00,8.097282247642093367e+00,-6.622273631823859752e+00,2.469035698935328149e+00,3.073687073597579644e-01,-5.184278804713828848e-01,1.837776076472457332e+00,8.483444679948987099e-01,-1.417851125121197819e+00,4.615578799470149818e+00,-2.658047845285225197e+00
5.910228820687790829e+01,-1.680225353534185828e+01,-2.192349932572606797e+00,8.399788907605048038e+00,-4.773041877819920842e+00,3.492891753249348419e+00,1.111600498023265660e+00,-4.634648136631823734e-01,1.844596527591398250e+00,4.803360420590836455e-01,-2.318154252651322800e+00,3.676479879604914736e+00,-1.490624270674560936e+00
6.389937348419868357e+01,-1.980809480200069927e+01,-3.868479891584712060e+00,1.042947081714495461e+01,-5.328506658799387452e+00,2.182519974475054525e+00,1.023114682926761665e+00,1.115026938339819473e+00,1.547249543910429015e+00,-6.493610166174788034e-01,-1.580148168135684594e+00,2.444338284772614944e+00,-8.779490789830605157e-01
