4.193429694404211006e+01,3.975781617729668760e+00,2.436076178458345343e+00,2.299229752270089300e+00,5.812505669502696787e-02,-1.194459192543708470e+00,-2.069250308237485125e+00,-2.312945973179461934e+00,-1.832002690136849798e+00,-2.524833058553309417e+00,-2.918074505672324737e+00,-1.803264397326991730e+00,-2.302914356207048208e+00
3.760478759031123985e+01,-3.788916466665968596e-01,2.373280209464615709e+00,1.514833293238083023e+00,-1.130317807381685302e+00,-8.829440986680230086e-02,-2.201374649327730193e+00,-2.312785528605940222e+00,-8.266924226444219981e-01,-1.427862144484102647e+00,-8.594466097414987793e-01,1.041693691852649817e+00,-5.270032152906581890e-01
4.548299379717463609e+01,6.776226803149270950e+00,4.326421737531535250e+00,3.898435887206609607e+00,1.031209830535932070e+00,-1.349851317215626567e+00,-4.030689130179457180e+00,-2.123447979081346748e+00,-7.236554008072846322e-01,-1.583844278587922538e+00,-6.138990217833613094e-01,8.213552228060744254e-01,-8.524400333644472916e-01
5.990752065497650847e+01,1.861113730130293575e+01,3.906272017960080944e+00,2.163850837472391042e+00,-2.574781174603704703e-01,-4.198733669364282939e+00,-4.831104731524021645e+00,-1.071495264562873695e+00,2.345688050500248867e+00,-6.448282803954947795e-01,-1.580821003471166275e+00,7.680209393250916339e-01,-3.051273618121490117e+00
6.616211399932001314e+01,2.010891353139912852e+01,-4.500066591257000925e-01,1.103709815388819848e+00,6.552197039713328897e-01,-6.047708745826430921e+00,-6.603940515238962305e+00,-3.465534713797424615e-01,3.404975876677636570e+00,-1.537714085269052677e-01,-1.986382546803805882e+00,-7.231935784914916843e-02,-3.041803237113475777e+00
6.942388134945592526e+01,2.044046521647702619e+01,-2.824665254157742833e+00,5.431241762829469577e-01,6.687864038982647141e-01,-5.080430518885928670e+00,-6.969419001669251656e+00,-2.218659717927327080e+00,4.639460977366454131e+00,7.655657822830413961e-01,-3.702544517893430420e+00,3.404426988434751111e-01,-2.588500970849319405e+00
7.210088923782679160e+01,2.179542708942642193e+01,-5.189251279210828294e+00,-1.183406115892550403e+00,1.326906160614131247e+00,-5.120452220252309949e+00,-8.148381378527634666e+00,-1.428565195773056518e+00,4.572765302459756320e+00,5.757939905381934675e-01,-2.591818582613506727e+00,5.594740518410132868e-01,-2.912244460162029647e+00
7.363822246714548214e+01,2.202928297882139219e+01,-6.177559590336582751e+00,-1.811099334582728870e+00,5.497255010263416564e-01,-4.915792138056543692e+00,-8.592244033272372405e+00,-7.842836384663066651e-01,4.813839066234084640e+00,3.286046120455549113e-02,-1.834238427573653185e+00,4.603976633750388459e-01,-2.956605457321476838e+00
7.534899858258724237e+01,2.290310736661737323e+01,-7.799784552601355614e+00,-2.148355987955235857e+00,9.073803679859099303e-01,-5.380606759887493595e+00,-8.348440489575770229e+00,-2.469049680378641864e-01,4.784561357614324884e+00,4.985826343685633710e-01,-2.119937471748481794e+00,9.902230959038955949e-02,-2.271234789647675001e+00
7.667111457515649420e+01,2.309384822102429169e+01,-8.186781588862203307e+00,-3.269480467722663430e+00,1.346826511932887049e+00,-5.079272663696642098e+00,-8.763799303681130581e+00,1.495060351019415479e-01,5.314296535266441524e+00,4.037324364595658022e-01,-1.689292292254866767e+00,-1.659597917230483666e-01,-1.819776760362145973e+00
7.914449666734374489e+01,2.252797630412425889e+01,-8.780740920529565230e+00,-4.549630067422311797e+00,1.432658528314130209e+00,-4.483006418418729488e+00,-9.144024738446493217e+00,-5.233332649935085873e-02,4.857025528362505895e+00,3.599585139004536916e-01,-1.957106973378587078e+00,3.459491464910408043e-02,-1.752118719534668356e+00
8.070624356331369142e+01,2.302784993870621832e+01,-1.048438176427969815e+01,-4.432780669140195862e+00,1.089315262743835833e+00,-3.572486891238054962e+00,-8.589295639385069236e+00,-7.331813165224673190e-01,5.319085747948419929e+00,-1.895545065016716324e-01,-1.881968298560331432e+00,5.691158400521211247e-01,-1.619315159144691263e+00
8.294196535945798132e+01,2.239644994043823445e+01,-1.122569795281342309e+01,-4.939540184772076792e+00,1.105495445679821165e+00,-3.414323256350476399e+00,-8.222369224953792965e+00,-2.037309481127647648e-01,4.448107359272181149e+00,-2.426215793956318714e-02,-2.087751034656068594e+00,4.402951488254400747e-01,-1.063692743717865152e+00
8.237030725127718256e+01,2.351813214445833111e+01,-1.152796998210565782e+01,-6.075914266579774292e+00,1.516523039579596333e+00,-3.048306911078944026e+00,-8.591405019527465825e+00,3.442896235228498636e-01,3.864946714090861324e+00,2.391480973918965469e-01,-2.355159739309768963e+00,6.224368620665406970e-01,-7.826376708622994061e-01
8.373901052299201808e+01,2.318018034314369658e+01,-1.195881663393808481e+01,-5.680618206600866138e+00,1.523228690798750895e+00,-3.009203237110569251e+00,-8.125821909178391422e+00,4.018555014450880813e-01,4.445686972158579664e+00,-3.355972555938693813e-01,-2.210926582129495443e+00,8.440691460459640583e-01,-9.739645874607498754e-01
8.431713866314606776e+01,2.343189438347063458e+01,-1.242004709790500527e+01,-5.358159829033928290e+00,8.985426543899277529e-01,-2.318290664342337326e+00,-7.741599129470817964e+00,2.568203610781075730e-01,4.295793865636050590e+00,-4.901019103074953920e-01,-2.276243808423939363e+00,9.345143475530136579e-01,-1.308426266000714655e+00
8.394997427733618167e+01,2.417720186235811397e+01,-1.177676445559267648e+01,-6.067839671564077442e+00,1.466467661529861966e+00,-2.174865814685206900e+00,-7.605747744490050977e+00,6.168389596233359029e-01,3.688613395286481911e+00,-6.162411780800333139e-01,-2.361453798021230455e+00,-2.682714385463172771e-03,-2.531640216089535711e-01
8.433117445901947917e+01,2.357868418081011441e+01,-1.184592320663704612e+01,-5.730579307805281353e+00,1.542627392434149369e+00,-1.994016649083656167e+00,-7.775896003754454000e+00,1.051441686759133631e+00,2.825789584441347646e+00,-8.030672819266216900e-01,-2.100617326733357437e+00,1.505894848606809285e-02,-2.673304590805312686e-01
8.420239163385296877e+01,2.333435870849174520e+01,-1.230744325272755901e+01,-5.583347965452335693e+00,1.606407442657381779e+00,-2.291687128258968809e+00,-7.353442992117816601e+00,4.946676161409312988e-01,2.965452128946201693e+00,-1.613434222291830977e+00,-2.386029350430288964e+00,8.148998558773642431e-01,-8.258911997937660177e-01
8.381777645456888592e+01,2.290654360584969851e+01,-1.152249726751934489e+01,-6.639981224926386538e+00,1.581549579319152521e+00,-1.733390873692835399e+00,-7.241642433948838331e+00,1.046072477625534791e+00,2.529908813737786311e+00,-1.826788187318562517e+00,-1.867798087704629406e+00,4.318272973037609042e-01,-1.392464752320329069e+00
8.378149765870600163e+01,2.201567469195076754e+01,-1.099755483800123379e+01,-6.230082644503573519e+00,8.907408383719842560e-01,-8.724268633124270256e-01,-7.547485093695126324e+00,9.413831155066677558e-01,2.141416619570250202e+00,-1.451228694586436552e+00,-1.746238085372931570e+00,1.971130401982482960e-01,-8.663896515516080754e-01
8.395653464176817238e+01,2.146774474890501594e+01,-1.112875735178067771e+01,-6.936445346834726244e+00,2.069096918300742383e-01,-9.647536029882977093e-01,-7.049434647616278582e+00,1.466219545970478988e+00,2.227537823127269334e+00,-2.338453436787107265e+00,-1.986394777526042876e+00,2.262468853255502343e-01,-1.400987052410687772e+00
8.183747754323185575e+01,2.149392331136585454e+01,-1.169763881201764022e+01,-7.349219466878888163e+00,3.999294618933931789e-01,-1.610942490377862635e+00,-6.808509823595644939e+00,1.425808262106315727e+00,2.413857170057694290e+00,-2.332584162429502506e+00,-2.777326243652288529e+00,3.502587474433335735e-01,-1.988947412050445784e+00
8.226350136190369255e+01,2.122877107101390237e+01,-1.165792781985577697e+01,-8.079390563746068565e+00,2.302724613363679729e-01,-1.051676293727009215e+00,-6.282625984561917676e+00,2.142929564711351986e+00,1.850020126584948077e+00,-2.503753408939584091e+00,-2.433004447946668147e+00,7.270082531973430795e-01,-6.511146725128423851e-01
8.120996213529701890e+01,1.994068513459698266e+01,-1.124674211255291922e+01,-7.483490351059966628e+00,-7.531902589529652081e-01,-1.623029089765625210e+00,-5.568339306801304289e+00,1.114910866802086176e+00,1.486761620699980302e+00,-2.491809641190256830e+00,-2.237100942969864281e+00,1.954011651459128363e+00,-8.422588669690845853e-01
8.084464720706969842e+01,1.979501451985019500e+01,-1.156897393274049080e+01,-7.087600208995272766e+00,-5.010873826258740449e-01,-1.324803614551065767e+00,-4.843960201123946874e+00,1.228477238231765689e+00,1.985235668297514522e+00,-1.863112158735146906e+00,-2.729779294162069991e+00,2.027559590140437074e+00,-5.453817882131387768e-02
7.651002269189095273e+01,1.926178576465284920e+01,-9.847265519952978607e+00,-7.390481136864173628e+00,1.235178599950762929e-01,-9.816876905575784296e-01,-3.565859005490922495e+00,1.717216899804401065e+00,1.242460413862588098e+00,-1.215467266271179847e+00,-2.574859728828688965e+00,1.811104723819281004e+00,9.995452053196601794e-02
7.328851928762436785e+01,1.824983510847098245e+01,-8.777116800374429317e+00,-6.973270510496349495e+00,-3.620045966650186076e-01,-1.210547328826575342e+00,-3.369517994038566666e+00,1.785745526445426723e+00,2.031037910164863458e+00,-7.364688444880587159e-01,-2.006181281588774734e+00,2.839108092034536845e+00,7.560759796673854893e-01
7.012475203042934879e+01,1.562442024652642303e+01,-7.864880994072306564e+00,-6.979080478676746857e+00,-6.401473568454311147e-01,-1.248484289915560375e+00,-2.953175213178536485e+00,1.365108399176331755e+00,2.088402296198001995e+00,-5.716041453365632297e-01,-2.459438683026213823e+00,2.073146127852692366e+00,-1.504287663643373574e-01
7.545132534727557072e+01,1.809334581353294524e+01,-9.189631930253961301e+00,-5.932538185790694030e+00,1.636669969077005682e+00,-1.946303082402146278e-01,-4.005200457460134977e+00,1.161941730490488212e+00,1.153862083406969052e+00,-1.446885812863968335e+00,-2.104283224543164188e+00,2.400614354443261433e+00,-1.374342425256101230e-01
6.633717670543504141e+01,1.236085328797724969e+01,-7.138167710786266440e+00,-6.081519786818312845e+00,-1.129775047418038803e+00,-7.173275733508016616e-01,-1.267212595668469000e+00,2.338434956949747345e+00,1.358664013503121826e+00,-8.784811516855802749e-01,-2.477054588488242004e+00,1.135937128708186306e+00,-1.019130392557130449e-01
7.422464685394216133e+01,1.583846803409177539e+01,-8.318468303796775487e+00,-4.470788594756986534e+00,-5.919734342433218277e-01,1.174145721842015710e+00,-3.406887308482412280e+00,-9.206948453411413491e-02,4.269822216515924418e-01,-3.353139086896539389e+00,-1.789142651068826639e+00,3.436501688552021427e+00,4.489912976591428628e-01
6.936787691276484225e+01,1.297821306868115698e+01,-7.485412190351469874e+00,-4.557673314205863413e+00,-1.821569185736197527e+00,-6.503107594107494505e-01,-2.473021692139503624e+00,7.816574002562792778e-01,-3.775630710823851821e-01,-3.542056487045738056e+00,-2.435039874877541255e+00,1.697107185477724434e+00,-9.718976585274827773e-01
6.399299483480402984e+01,1.083422689827179219e+01,-5.024865413453976082e+00,-4.750584968925707585e+00,-2.598342513152291033e+00,-7.211654757352721212e-01,-1.620003102754905777e+00,2.130755430752873103e+00,-4.792931891664682920e-01,-2.465988545860574366e+00,-2.151301479209028589e+00,1.476415008365058235e+00,2.431777473924691055e-02
6.631349374538699237e+01,1.404615440294070083e+01,-2.843820576372348530e+00,-3.361709668766290626e+00,-3.848284687837787654e+00,-2.850964802708124690e-01,-1.910102307815101597e+00,-4.859789674555660133e-01,-2.376804748927444422e+00,-4.186403481812638105e+00,-1.245661503657453428e+00,2.948259743617948736e+00,3.727179413030926036e-01
