5.752828265645960926e+01,2.031661220569579029e+01,9.231174514625276828e+00,5.919978373076446587e+00,1.840035318795668173e+00,-3.194532678697803885e+00,-6.301868238282512635e+00,-5.751211909023650648e+00,-3.256155275329063459e-01,4.770877424833145364e-01,-2.349761088674348741e+00,-1.290662060606849293e+00,1.454112239337243651e+00
6.272430589538566181e+01,2.082757573853700350e+01,5.531265043225401357e+00,6.970643406058040448e+00,3.479325391972983184e+00,-4.002185856130171082e+00,-9.322577150023885650e+00,-6.598008365441718759e+00,2.645181567885200646e+00,1.123206954340853075e-01,-3.382136803978025519e+00,-5.785329837502923844e-01,1.980010021867939285e+00
6.961956166195093942e+01,2.039075390223002771e+01,6.681529850259183556e-01,7.371732554122830017e+00,3.136497706613583514e+00,-3.878097130194432030e+00,-9.501052922098486064e+00,-6.907828875695964932e+00,3.170430559052890285e+00,-9.974072397176155791e-01,-4.120737982352636664e+00,1.305761853536076877e+00,1.190112864618127153e+00
6.993132858645020633e+01,1.817994228560545622e+01,1.285254889217041230e+00,1.099275591398527752e+01,3.280826262813903327e+00,-5.829604118950133085e+00,-1.010402427120894941e+01,-8.556222454743304340e+00,4.339083033237246312e+00,8.430935393672090994e-01,-4.954402248362564265e+00,2.254473194549993842e+00,1.299683562336148013e+00
7.153235558812924921e+01,1.898131045455665955e+01,1.948950524622186931e-01,9.777776447482136035e+00,1.636632681366899211e+00,-4.478584090993973810e+00,-7.113230930793680074e+00,-9.052625932297306832e+00,2.585815236276906237e+00,1.986950657874690274e+00,-4.910572524307147191e+00,1.443149563427627013e+00,2.448417082274436662e+00
7.125524631700844225e+01,1.772378697655442537e+01,5.219403715594289617e-01,1.141510816820958141e+01,2.075168542755253753e+00,-4.438279564070302996e+00,-8.377885794556004129e+00,-1.002215980363435399e+01,3.514543159085106616e+00,1.430522788816097624e+00,-5.134491712726141799e+00,1.765166356196155251e+00,2.319467734537184800e+00
7.317963587529924041e+01,1.989736876848275315e+01,1.113692610162147073e-01,8.250455057940436987e+00,-1.333507933966105452e-01,-2.943575143190056309e+00,-8.585656367894699770e+00,-9.157146873297778100e+00,4.148673979625396413e+00,6.272818583482098198e-01,-4.731243683971789515e+00,2.037158614003975909e+00,1.611362198517589439e+00
7.408843085097073811e+01,1.946706815226732701e+01,1.219280954000563799e+00,8.932841070323830124e+00,-4.713560478254215647e-01,-5.087852908709274757e+00,-9.771993460687316002e+00,-8.805831631610741894e+00,5.619155625248626329e+00,3.148138415291219072e+00,-5.303882146377805640e+00,1.328826965507690971e+00,9.003366495634449462e-01
7.763305149790888038e+01,2.141832548104358480e+01,-5.701268174535296662e-01,5.351290016407891592e+00,-1.766468906619506507e+00,-3.888551046249162813e+00,-9.358734050216114042e+00,-7.368982421239735459e+00,5.769808183368238197e+00,2.958307518795662006e+00,-4.155410508507342726e+00,1.402294258606800792e+00,8.831236980631158584e-01
7.844202260272996341e+01,1.899587231952773791e+01,6.500692595833302834e-01,6.406591272769497358e+00,-2.052991343684676284e+00,-4.130547058323541521e+00,-1.185739336510925845e+01,-5.931235223374698329e+00,6.867336908733446599e+00,3.693532313647710286e+00,-2.746410085716468163e+00,1.902141098334094588e-02,-2.821927818766076235e-01
7.955853719139655311e+01,1.917280842339708258e+01,-6.409837416075190308e-01,4.920610865510313126e+00,-2.340648216954448024e+00,-3.652731063502116182e+00,-9.653356014712493050e+00,-5.077915785861891074e+00,5.346700375767881930e+00,2.970981130044679563e+00,-2.705971048800090983e+00,-1.096285277279696713e+00,1.499296362468383270e+00
7.965753557504820037e+01,2.014339588206974341e+01,-2.191318690835823979e+00,4.035595367718429749e+00,-1.292172517959987887e+00,-4.274008164498435569e+00,-9.049729686248960903e+00,-2.751788113933833380e+00,4.753697281506378047e+00,2.302408448949228248e+00,-3.816688909596698043e+00,-1.594887754139676428e+00,2.681208446234480736e+00
8.206857431855624441e+01,2.021026063452611865e+01,-4.056757506674472324e+00,3.406863471691598644e+00,-1.191353981751840818e+00,-4.953933247272279239e+00,-9.360276606035801805e+00,-1.296211614824629432e+00,5.517751806338740295e+00,8.661342530938244133e-01,-4.377457398308104430e+00,-2.631435773342080120e-01,2.737222133448581562e+00
8.385654169132939728e+01,2.043705373698790595e+01,-5.760141133580694017e+00,3.119235418040656960e+00,-2.692175413952758944e+00,-3.494501337493039816e+00,-7.942759967773503682e+00,-2.091470540655253174e+00,5.924689336046483845e+00,-2.420734378638599027e-01,-4.232633914924797125e+00,2.493876735516385168e-01,1.716881770651172978e+00
8.505486003490646851e+01,2.076186445429921790e+01,-6.848716359515955254e+00,1.277524892081409735e+00,-2.562168841696629062e+00,-3.263199928579708420e+00,-6.495305865154604952e+00,-1.460086841816735870e+00,6.615347941020783828e+00,-1.116263599922589833e+00,-5.543969947183401636e+00,1.848997533407399807e+00,-6.602205762541552003e-02
8.458848739554875351e+01,1.997936426653864928e+01,-6.763704776576042299e+00,1.632461825915504816e+00,-3.408068272209856531e+00,-2.183554066664465498e+00,-6.210105669110469684e+00,-1.189083554689537303e+00,8.166197350133231225e+00,-1.837258349005594926e+00,-5.315384689676162289e+00,6.969484302381770968e-01,-8.850858589741866789e-01
8.375712244173112708e+01,2.089140060015928668e+01,-7.906965500663652335e+00,-3.853300981540884185e-01,-3.051083096597502209e+00,-2.669868891648404574e+00,-6.461435362912646418e+00,5.450017826704425979e-03,6.824148038917176251e+00,-2.998891321666626641e+00,-3.799606489205361370e+00,1.164925251132394424e+00,-7.424044070704810538e-01
8.185730914506923739e+01,1.974948139964062932e+01,-8.452213940201161790e+00,-9.026399012543869782e-01,-2.000150861635534572e+00,-2.019887959505840769e+00,-7.228674756016671310e+00,4.757708987235001463e-01,6.869821348918653037e+00,-3.881398542174599786e+00,-3.118055265178673263e+00,5.325005249705110355e-01,-1.293255525808085116e+00
7.929707277056749604e+01,1.936435509650720377e+01,-9.618906790055202549e+00,-5.599786017492142109e-01,-3.051021325602535916e-01,-2.859288740860394640e+00,-6.025669888948813835e+00,-9.539087748513127574e-01,3.626606931833081138e+00,-3.927947045220305800e+00,-4.540622515952936311e+00,2.025262238791114111e+00,-1.576765443156212532e-01
7.898573736744512530e+01,1.890606155654782583e+01,-8.777780614980942531e+00,-1.112576703859808447e+00,-6.062505463454285204e-01,-2.682446688902034637e+00,-4.157515610107402004e+00,-5.612667750134650024e-01,2.508148987184454004e+00,-3.193607048073728194e+00,-4.199795679846963559e+00,3.273959012601532326e+00,2.232137113808580764e-01
7.644664914857098381e+01,2.000485734891993417e+01,-8.182004202864414211e+00,-2.261277434740488701e+00,1.267063939162115016e+00,-2.926911247813538175e+00,-3.884639923308436771e+00,-2.160268884983823981e-02,1.795743245319848747e+00,-3.125283392516792880e+00,-4.199105131452082418e+00,3.129647146063979868e+00,-1.908428364988953851e-01
7.276778692542400506e+01,1.923815224566779847e+01,-7.062341942932834016e+00,-3.074408695227787369e+00,2.070501396699902408e+00,-2.408458186871395679e+00,-4.788982400288844588e+00,1.166804296224481230e-01,8.009805243462608804e-01,-2.923741213225166558e+00,-3.441236171939946686e+00,1.995186688615194992e+00,-1.403253205109701307e+00
6.821235804440598827e+01,1.948400290924388401e+01,-5.970456536285849936e+00,-2.884340594980007388e+00,3.883806987879075301e+00,-5.657974151025494391e-01,-3.106721044200195792e+00,5.672786890062534448e-01,9.841782310700101233e-01,-2.651510138681753226e+00,-2.080108989633908667e+00,4.218147256015201130e-01,-1.085916860468576717e+00
6.650471581078983263e+01,1.661497668293446139e+01,-5.020020194658188828e+00,-2.423255629783866993e+00,4.040762882560100522e+00,1.718334241471749069e+00,-1.826626726462625916e+00,4.841427750691818521e-01,1.527472074958487802e+00,-2.077827308790323624e+00,-2.184771701459894189e+00,-5.687036659562160201e-01,-2.639043608227931159e+00
6.163775653126947418e+01,1.634091039474518681e+01,-2.154445521071038261e+00,-1.320704455002608135e+00,3.531859082296374019e+00,7.171426144995508567e-01,-2.085533104480275401e+00,-9.499377413783879343e-01,6.983134569113556844e-02,-9.959117825261054602e-01,-1.873314694846680561e+00,7.437329916195600799e-02,-2.122101104586294529e+00
