3.838415460177272820e+01,8.390674747096722896e+00,9.015092460075742054e+00,3.410858468855974213e+00,1.648367589956788226e+00,-1.693263986690545009e+00,-1.804671157628195965e+00,-1.829377553542504753e+00,-1.926327838022459771e+00,-1.773183027796599420e+00,-3.215341275179441016e+00,-9.886757314759403448e-01,1.136087783601734819e-01
4.700901141707404918e+01,1.613546506159974925e+01,1.300327416836145389e+01,5.973368887481205647e+00,2.896252746598376504e+00,-2.490334309350911379e+00,-5.618782575841609450e+00,-5.202242155610846908e+00,-2.608267247263415189e+00,5.644322532856828056e-01,-1.383915113669009100e+00,-9.498483891729216921e-01,-1.401191880797138245e-01
5.170017032641860766e+01,1.712970436480912539e+01,1.035027540144804625e+01,7.015682032967611725e+00,1.977186770044788711e+00,-4.028930121694480171e+00,-5.896620580792121480e+00,-6.108848143329319136e+00,-1.583330435241550260e+00,3.506638395361946214e-01,-1.639727908514451604e+00,9.950033927631615760e-02,-6.939484263000551822e-02
5.384693373075764100e+01,1.801706971014688108e+01,1.018558162936231248e+01,6.815446950549282512e+00,2.049040550598610455e+00,-4.999401397045207140e+00,-7.093187361088509668e+00,-5.960262282475547124e+00,-1.004278292826412455e+00,7.492256484281915041e-01,-2.004110856083952896e+00,-6.987846176704868295e-01,3.154710627418177982e-01
5.586923477749128608e+01,2.009703493022344034e+01,9.340037443141003592e+00,5.615153746989728134e+00,1.136230469281284794e+00,-4.082905007356121274e+00,-6.418466750218274619e+00,-5.936667342291251259e+00,-1.081196853476348307e+00,1.939897424781423796e-01,-1.883440543464044215e+00,6.932851943757127600e-02,1.182668184434319869e+00
5.746745810473986182e+01,2.018733942868835030e+01,9.161293690311199001e+00,6.973127799744811561e+00,6.001448175322141587e-01,-5.016874145354605297e+00,-6.954151221109037273e+00,-7.115238226873452199e+00,-4.351955386309673268e-01,1.507991083050527426e+00,-1.091256531590529821e+00,2.598490646915220872e-02,1.345354203213769972e+00
6.201939864913957479e+01,2.039686274279368305e+01,6.983060538551158380e+00,6.407190240549715199e+00,-4.618281301537443539e-01,-4.100861575244684865e+00,-6.592839678863155584e+00,-7.309418947492513752e+00,2.005230046131007693e-01,1.777191804787541463e+00,-2.286776365869702676e+00,1.074836401176406109e-01,2.082768407375320763e+00
6.343082804367530514e+01,2.059689636378878674e+01,6.922611914090720298e+00,7.061542097548146657e+00,-9.312696884522867480e-01,-5.873612879490712757e+00,-7.486382774784129168e+00,-7.192145752937373793e+00,2.210845246587223478e+00,3.459356347603229853e+00,-2.663583706919719685e+00,-5.136461630291445646e-01,1.211997903305792823e+00
6.779771891722208466e+01,2.166974556263436114e+01,5.547447816589756719e+00,5.103326280824870942e+00,-3.264057937711608570e+00,-5.391759042061360141e+00,-7.262114167035875312e+00,-5.717670519428008191e+00,3.030247305522385304e+00,4.036122015261693008e+00,-2.207402409491654893e+00,-1.193471415338578812e+00,1.337731791159936012e+00
7.233510785327382564e+01,1.839905559650713940e+01,5.360913773171164465e+00,5.626757021540456982e+00,-4.003260050121539848e+00,-5.294111532634927286e+00,-8.624415170701855260e+00,-4.967069808496293426e+00,3.143764314341320087e+00,5.217391069446563279e+00,-1.207429603060922618e+00,-1.421343428568706546e+00,-1.879175623333529388e-01
7.312707469147703421e+01,1.885874689159751938e+01,3.515384745938475497e+00,5.180538073999913173e+00,-2.958799727562725579e+00,-4.359466679329820238e+00,-7.994221226189553775e+00,-5.129454635909025839e+00,3.318385815538087424e+00,4.466801054251266834e+00,-2.350369082422626210e+00,-1.468615761369649109e+00,7.146215952106995672e-01
7.261895750226690893e+01,2.134422709413378527e+01,2.139945472136820737e+00,3.202543578054657392e+00,-3.100739532624946726e+00,-4.068239985560648364e+00,-7.677330040730627303e+00,-4.688088528757916151e+00,5.290306126889329441e+00,3.663741525801994747e+00,-3.978328470385760429e+00,-1.972390276592306702e+00,1.458595824444711253e+00
7.472600991865613196e+01,2.171418962449309475e+01,2.198417494470716049e-01,2.133299842626614762e+00,-3.059657967111139243e+00,-4.242358713330727227e+00,-7.084631832009240071e+00,-3.857940317796485719e+00,5.618560621341036843e+00,3.625557163426973428e+00,-4.890522114019741906e+00,-1.406246627895088697e+00,1.846120968550607033e+00
7.825671125158051211e+01,2.244347671652007392e+01,-2.816405742842373883e+00,9.130448877661164753e-01,-3.213557737797932745e+00,-4.355364732707132092e+00,-5.923334796057022622e+00,-2.633791017697956871e+00,5.649772022013104689e+00,2.113429370488710379e+00,-5.307742729321229369e+00,-7.400519216512769782e-01,1.420107587094918244e+00
8.100078394880034693e+01,2.246705760994710133e+01,-5.033626107722996679e+00,-1.045028960817266234e-01,-3.302146825299966615e+00,-2.795800879550138784e+00,-5.382339316475732716e+00,-2.023476470715996012e+00,5.790810875623185972e+00,7.791235052098278713e-01,-5.569348335209784118e+00,-4.855297734946031341e-01,7.325120116545678073e-01
8.066732125850974455e+01,2.196919741889745126e+01,-5.823714382156403246e+00,-4.589916791542806851e-01,-1.766725768243898820e+00,-2.904660434477139841e+00,-5.869644021804346856e+00,-1.060326126565396709e+00,6.481377473145371937e+00,-8.176848433256480586e-01,-5.890000719072921775e+00,-3.281918722263398869e-01,5.593977095891545792e-01
7.939651550453477569e+01,2.223115240833216077e+01,-6.887586010621883581e+00,-8.071500512791398574e-01,-1.671679631821689993e+00,-3.083451801411651871e+00,-5.804062620156182462e+00,-3.148887918185863666e-01,6.859852982625891826e+00,-2.304768594207386556e+00,-5.848781007425742473e+00,8.190511954408947748e-01,-4.646312850581146847e-01
7.989071197441221273e+01,2.107070032629099288e+01,-7.754499464298405975e+00,-9.849858108918658761e-01,-1.117429471612961356e+00,-3.301504324479469510e+00,-6.061590505303824372e+00,-2.310267124554431784e-01,6.002447717642256819e+00,-1.454829540604430260e+00,-5.526282002797040960e+00,1.664757914556637131e+00,4.718807575081419327e-03
7.807761751878355483e+01,2.084972413760664978e+01,-8.710316875680184978e+00,-3.589310192801162258e-01,2.660116978143465816e-01,-4.190905891509872028e+00,-5.551420014032891537e+00,1.023094706690510225e-01,4.454303633628154735e+00,-2.639372373786131210e+00,-4.888404864211405965e+00,1.677820349612489270e+00,-2.313912042006561476e-01
7.654137118136033280e+01,1.879379453145171652e+01,-8.478355307037775290e+00,-5.005151802132199457e-01,-3.026939533653990114e-02,-3.063976124011904112e+00,-4.848462060258597717e+00,-3.675974685520581042e-01,2.898701557058806610e+00,-3.909028312583487264e+00,-5.266228300438950960e+00,1.362180074664872453e+00,-2.015536885295137748e-01
7.339386289213017278e+01,1.831865766100676396e+01,-7.289955054631869658e+00,-1.180750849790886264e-01,9.403795040489109081e-01,-2.732950006640910257e+00,-3.846645028515931042e+00,1.205273677631327478e-01,1.478767523547215079e+00,-4.519999084091703700e+00,-4.015407909673774256e+00,2.176759331753154392e+00,-5.082102770759659993e-01
7.483465702104986406e+01,2.001517932725369420e+01,-9.771622757300098883e+00,-3.898899193441027755e+00,4.716142570072845985e-01,-1.630911525320893007e+00,-3.111679440201444713e+00,-4.408816955567884666e-01,8.837238248052831091e-01,-3.828700805639406290e+00,-2.369371855753553469e+00,2.078564457081622407e+00,-9.326049375510108153e-01
7.077209858337215564e+01,1.761363453186011085e+01,-7.489045557766764283e+00,-2.706159804358807985e+00,1.278829058033991162e+00,-1.598778819966972575e+00,-2.707184403524468763e+00,1.888873564668238636e-01,3.901876161701812729e-01,-3.843041563858331067e+00,-2.176991899688932364e+00,1.979565355097006041e+00,-4.337493565757718494e-01
6.396579372630762350e+01,1.570842705150144880e+01,-3.242430474640890736e+00,-1.753035804367197859e+00,1.099459384013029339e+00,4.753346194560695293e-02,-7.917089242532490134e-01,1.400058765291527285e+00,9.769222645960505824e-01,-2.559887335341525016e+00,-2.175076901955308450e+00,2.161299132965086578e+00,-2.670434276633951165e-01
5.997647328244553933e+01,1.608300031395655338e+01,-6.322753186990025531e-01,-1.260511770931460829e+00,1.720047663236218494e+00,-1.069038426669260522e+00,-2.430901022967805858e+00,8.362826861325846073e-01,1.093927078390884988e+00,-1.955493098159090559e+00,-2.327708027659756596e+00,5.737998067130795077e-01,-9.655615938838749690e-01
