7.134674736777579085e+01,-9.273713828700651973e+00,-1.329669890510099250e+01,9.538030420299929091e+00,-1.538300630866611618e+00,-4.917228646778847967e+00,-4.781824129909725052e+00,-1.867993664595436198e-01,-2.178007742041695671e+00,-8.200353854029593936e-01,-2.899614344936455979e+00,1.193173151750582112e-01,3.993427931084695404e-01
8.057084744050634129e+01,-8.982679360911758337e+00,-7.517710166383054116e+00,1.003650406309156651e+01,-7.248900619751917240e+00,-7.202114245229967793e+00,-7.497280006526318097e+00,2.808922987782540570e-01,-4.429130765160154581e+00,-2.075093419575144260e+00,-2.333898713763184585e+00,1.291914293395797664e+00,-6.416618094368921055e-01
7.725951263435872818e+01,-1.098867759764304353e+01,-8.266997585595827758e+00,1.182298848300308336e+01,-5.638604444207886424e+00,-5.450565638700989091e+00,-5.472884429981976773e+00,2.126439649250783381e-01,-3.136846348970425247e+00,-2.681560947646015158e+00,-2.580675015019600949e+00,2.260185047319737683e-01,2.140802040434596765e-01
7.296147941715243235e+01,-8.332101745538333049e+00,-1.166145216076992241e+01,9.418734516109628530e+00,-5.817167048242430027e+00,-2.278666670606980027e+00,-3.139985724541916934e+00,-5.774367759206109479e-02,-2.209459864245956862e+00,-3.695864636566607686e+00,-2.325711774447236646e+00,3.353123175362093811e-01,9.585120948532576124e-01
7.067922004887013543e+01,-7.216700031046109132e+00,-1.231303827016889940e+01,8.611509797571240910e+00,-7.198241490938358744e+00,-2.348406840798344053e+00,-2.724648081508714181e+00,-4.773259353673400263e-01,-1.997977849565039099e+00,-2.469096345243168678e+00,-1.307563800648551711e+00,2.044012037284786309e+00,5.554840963214064953e-01
6.687626949529285980e+01,-6.473561989912463233e+00,-1.319696263649467660e+01,7.044425164877925027e+00,-8.696947211159532287e+00,-4.358010039961854432e+00,-2.003247231989782495e+00,4.845343229082090808e-01,-8.858737757313414063e-01,-2.388358375158891267e+00,-8.330013452711449995e-01,7.781285830654802727e-01,-3.683342546816774643e-01
6.330132826190033057e+01,-4.125954082893395380e+00,-1.228329516665342780e+01,6.021326948820773239e+00,-7.145780967971663955e+00,-3.127758111999760615e+00,-7.706273847866166316e-01,-6.528339793080779885e-02,6.369816883238682559e-01,-2.698148718471657936e+00,-2.519959805771086803e+00,-7.661089098710843759e-02,-7.236116103403621436e-01
5.971934980093204359e+01,3.489801940364030575e+00,-5.597838743589801602e+00,6.974120335129724069e+00,-3.758819987013451769e+00,-2.082672038707648277e+00,2.961605120721026996e+00,1.756924802514756356e+00,2.296628272381235902e+00,-1.709008013089018174e+00,-1.782755806415939004e+00,8.527325125110100934e-02,-1.925006161365136137e+00
6.576368328814885444e+01,1.587549670987572625e+01,2.340512124174061181e+00,9.311522763365573496e+00,-2.962702224341848378e+00,-6.388918519124540119e+00,-1.844580229902046842e+00,-7.776373447646212078e-01,2.361699821812354383e+00,-1.668140705010012770e-01,-2.212331227849547055e+00,-3.182406745683442895e-02,-1.222976462197381098e+00
7.041288988225515766e+01,1.758490687090966276e+01,-5.023680046419720657e-01,1.095048988584908400e+01,-4.159410278974844943e-01,-8.029346678943763749e+00,-4.221640677205447112e+00,-2.713174604852148342e+00,2.991535548221667451e+00,3.062787707893931177e+00,-4.303994162169197502e+00,-1.274628412993574100e+00,7.097180863922701866e-01
7.294444930415568251e+01,1.816238228812758848e+01,-2.404230219847662386e+00,1.078938301762738305e+01,6.093591767720610806e-03,-9.307415288989117741e+00,-4.269343286195241838e+00,-3.665454952461260962e+00,2.312140083223629627e+00,5.014342825159395112e+00,-4.946683086644552141e+00,-2.846191147004971000e+00,1.114474087286160042e+00
7.440471120489377199e+01,1.835845645129265691e+01,-3.686971817384411931e+00,9.662564384104406656e+00,9.961780659004639826e-01,-8.521691703221311087e+00,-4.272590670154301051e+00,-4.079027357190133429e+00,1.772425267023738593e+00,4.862749644112188463e+00,-4.605947174241545206e+00,-2.228441950504787883e+00,8.638952759378303314e-01
7.348742804118985816e+01,1.896873713046201715e+01,-3.856170233673725356e+00,9.372592787380950696e+00,2.300381616885483815e+00,-8.160786735026738015e+00,-5.870310791126304828e+00,-3.845820356969992915e+00,2.034913921535070003e+00,4.756822289556341232e+00,-3.612060863902101460e+00,-2.430989327469100569e+00,5.195212367708326728e-03
7.292763443236378862e+01,1.913616127845872228e+01,-3.828767783721993556e+00,8.001300624281107332e+00,4.079240040081032248e+00,-7.548843747643441127e+00,-6.621246923817049712e+00,-3.573088661566055091e+00,1.982535260481536499e+00,3.278456450745766304e+00,-2.563345479281292860e+00,-2.243075642815585802e+00,-4.802524657505684580e-01
7.124976710707608163e+01,1.899925665673834629e+01,-2.862754082193442517e+00,7.931522767382433337e+00,4.171741816850116358e+00,-7.354390225321994379e+00,-7.518513921990898297e+00,-4.102064774063443942e+00,2.112111046706297568e+00,4.690712319747773584e+00,-3.924837578301995755e+00,-2.310849622323025709e+00,6.719902783904155852e-01
6.961566460100071652e+01,1.887392117127503255e+01,-1.773204978113616992e+00,9.485522227770299963e+00,3.492967464474278305e+00,-7.643132881156231129e+00,-6.781557879444513937e+00,-5.472360402777713517e+00,2.769565348118443016e+00,4.964150406692128925e+00,-4.332187618620354286e+00,-1.533552460175004573e+00,9.896094377735611403e-01
6.917338324340620659e+01,1.888352934440678155e+01,-7.632241933951383617e-01,7.650964222784705449e+00,2.950021081484233143e+00,-6.621067472639429852e+00,-7.073369737474373586e+00,-6.306254540363107175e+00,2.207714630350302798e+00,5.671666248800429244e+00,-3.811798587699628982e+00,-1.764560050649526035e+00,8.506828016769488743e-01
6.914855237721941705e+01,1.790328928443375389e+01,-1.430856432289351776e+00,7.558598018951642850e+00,2.703780048712612682e+00,-6.085414620650594131e+00,-7.308338912878638460e+00,-6.030174485919861382e+00,2.720883569499720434e+00,5.253274049177632854e+00,-4.152101527275381621e+00,-1.725456491647555879e+00,1.677241812911131058e+00
6.670989773219473307e+01,1.751286852543699624e+01,-5.439396724441363240e-01,5.827293214503749041e+00,2.919849679078507343e+00,-5.538866715171815613e+00,-7.898749185900705960e+00,-5.539582801171565762e+00,2.960782417570916092e+00,3.635199968423777239e+00,-4.350069330904798193e+00,-1.770017383155746415e+00,1.097994098460457701e+00
6.585675683770504918e+01,1.744988072644911981e+01,-5.756589233259294669e-02,5.642539637514595086e+00,2.143158921299343156e+00,-5.605642519118200440e+00,-8.345020215805510233e+00,-6.984057452217589557e+00,1.923808635836350422e+00,4.482660764445800972e+00,-4.847939337987699382e+00,-2.784179527743774418e+00,1.129163319246860420e+00
6.550921470540826874e+01,1.764841337586132397e+01,-4.228190006552008384e-01,5.480580042948895780e+00,1.871735870648908895e+00,-6.185594445723010537e+00,-8.604836787619532856e+00,-6.200782226478390058e+00,2.282636602490326183e+00,2.753996135665417011e+00,-4.545254238267092184e+00,-2.706995177709548894e+00,5.186679815993596732e-01
6.408637521400893888e+01,1.584460012574410470e+01,-4.044577389912806242e-01,6.017840529487899381e+00,1.552317599720510755e+00,-7.171865520395667382e+00,-8.774854701574094307e+00,-6.002369099742277392e+00,1.683984707302964789e+00,2.060248819631442352e+00,-5.191466424528139001e+00,-2.372758584975521057e+00,6.285369725363367799e-01
6.432628536226907556e+01,1.665055166151949706e+01,-9.363726395816927006e-01,4.681412385822923738e+00,3.312013992975160193e+00,-5.976139904589087060e+00,-8.882262096753908764e+00,-4.806151133965589572e+00,2.401687290631429494e+00,1.125622659281746651e+00,-4.464794295916592937e+00,-1.464168458878662538e+00,1.252990107468140879e+00
6.187250411633984015e+01,1.504590613963081935e+01,5.139054668680180793e-01,5.412968474728120150e+00,1.683180336263863763e+00,-6.602082505297554249e+00,-8.115630602657679660e+00,-5.227851787161062802e+00,1.763211184980287394e+00,1.385264721217602579e+00,-4.327856762820824876e+00,-1.238818332950695433e+00,1.593199718905437878e+00
6.113559285800256760e+01,1.290980526402072748e+01,1.433539145160875439e+00,6.207515252887091606e+00,-1.940734660634811301e-02,-6.622188410410441151e+00,-9.609907768434172937e+00,-4.120538515690666870e+00,2.234582545909840512e+00,9.162876357902427493e-01,-1.679934486680233707e+00,3.518293221979214569e-01,1.796167665234310151e+00
6.016070981294978992e+01,1.554813254569761938e+01,3.437572718414635187e+00,5.430944782689924644e+00,8.286270322850272096e-01,-6.617731633561175997e+00,-8.340009676964712071e+00,-3.332361391540302531e+00,1.883952109206351810e+00,3.921263343300773196e-01,-2.725643481733461826e+00,4.685752035269718369e-02,1.449182079031590131e+00
5.568350176664825568e+01,1.497101543565645976e+01,5.119013424854296446e+00,5.691619954247434165e+00,1.728258073092239666e+00,-4.913090026835932100e+00,-5.848574757049195050e+00,-2.631028881529546393e+00,3.470224030234597135e-01,6.759622267260217976e-01,-1.704992289139067418e+00,8.404191325491466857e-01,1.090217356236979018e+00
5.579844259359214931e+01,1.327248760574356545e+01,4.185549671143120598e+00,4.765281387995837115e+00,1.016008027881876830e+00,-4.858142547564057168e+00,-6.424485132306792856e+00,-3.773671157153284383e+00,5.687440254922498939e-01,3.534823526883443257e-01,-2.856563805300421865e+00,5.307228193023345586e-01,9.371185586243758747e-01
5.544549151838964463e+01,1.173897255575742271e+01,3.911185082832834947e+00,5.932575441918741532e+00,1.667720144913799052e+00,-5.515842550639710851e+00,-6.062920417324912492e+00,-3.110730024924384107e+00,1.664985461687637835e+00,8.932769040672472460e-01,-2.695590736508950869e+00,5.203205663385873647e-01,9.534812031952418776e-01
5.430508133140570948e+01,1.221204509231486846e+01,4.516515831837388362e+00,6.435161336586366687e+00,2.423261504675129352e+00,-4.378152096121667114e+00,-5.572531565673658704e+00,-2.066651302603352391e+00,1.244284672483615184e+00,1.246575631507391257e+00,-2.610022423092153598e+00,4.369047435897856491e-01,1.561181331218147950e+00
5.600331319548791953e+01,1.401938297176895531e+01,4.036208878726783134e+00,4.465250817992810539e+00,2.983251832579934426e+00,-5.052942532213904769e+00,-8.226067376627126393e+00,-3.905929830512663958e+00,1.854886468761703266e+00,1.092186368492207960e+00,-2.485831644007609142e+00,2.758556505283390470e-01,4.664105169254573191e-01
5.240658164607805247e+01,1.081964529474482006e+01,3.124488961084209038e+00,3.239136228854049726e+00,9.777054805110209079e-01,-5.096789533876894041e+00,-7.000433048607754394e+00,-2.796563410005663108e+00,1.067786763389434901e+00,4.309983506494244332e-01,-1.646643365531259118e+00,1.169820057503123012e+00,6.620640282516657704e-01
4.984309493791688794e+01,9.376592532322490570e+00,3.662063617151452011e+00,3.082227844145633888e+00,9.862320631473555643e-01,-3.640946686694356504e+00,-5.493093897345467269e+00,-2.644032531072769920e+00,-6.171883345751132816e-02,-4.682711505950503672e-01,-2.634842316954554065e+00,-3.321300538319360007e-01,-8.861584906171996456e-01
