8.132214982542438975e+01,-7.268113933125319726e+00,-8.069714123556851249e+00,9.769794966404344194e+00,-8.468389240814193641e+00,-1.386612480426410388e+00,-1.400486733566859376e+00,2.496545028723093917e-01,-6.937700602762321367e+00,-3.284184620168405733e+00,-4.361350976405403479e+00,8.026045042390378415e-02,-8.822892953053940168e-02
7.996670303416270542e+01,-7.962376960387927305e+00,-8.821832095086749703e+00,9.946818063072619509e+00,-7.188879315997875885e+00,-6.907804470304873545e-01,-2.156513179804873559e+00,1.585614001770508263e+00,-5.551575910889956944e+00,-3.239061644684873009e+00,-3.716569555452826190e+00,-7.626180591559159061e-02,-1.195823486082430998e-01
7.625920320015453058e+01,-7.394728163175788183e+00,-1.146718473546930994e+01,8.511570631661188102e+00,-7.913862692281985467e+00,-1.109398461922474599e+00,-2.371668833138554255e+00,1.330682842647385788e+00,-4.032861792428143133e+00,-2.370258271184577215e+00,-2.214966306919258443e+00,4.780663137761526627e-01,1.243094005315895201e+00
7.496287601024184255e+01,-5.989378061843200207e+00,-1.303214582839961899e+01,6.780016474422146722e+00,-8.277485796940352358e+00,-2.424953339588581613e+00,-1.668649579420774076e+00,3.084542131862362258e-01,-3.834932640042011176e+00,-3.083731964778348100e+00,-2.977874598009471629e+00,8.219842025548115272e-01,1.086575138543569796e+00
7.419202102593001769e+01,-2.458109970419401158e+00,-1.307645569764265581e+01,5.623408144770981387e+00,-1.030883228267948049e+01,-2.972135703709124943e+00,4.692023526081466334e-01,2.438000732827774464e-01,-3.034916762169925786e+00,-4.418109328215446219e+00,-3.759975962442650754e+00,-7.392612343913882444e-01,4.320693256986899572e-02
7.000165750662948483e+01,-1.742894055106287921e+00,-1.285686473613630909e+01,5.006125158170133815e+00,-7.684460882260586878e+00,-2.857086400703352069e+00,7.615320401355546442e-01,-6.496441466180254976e-01,-1.961807909549541984e+00,-3.955137027309572506e+00,-4.600016307785089076e+00,-4.218478656271801852e-01,-6.412164063905412270e-01
6.418248749844623546e+01,1.609164133081990855e-01,-1.198667732153937671e+01,4.955436302879235200e+00,-5.678163126410704642e+00,-2.668711936072989399e+00,1.491479665729858128e+00,2.007912777769077853e-02,3.627849539911000565e-01,-2.472491618058894058e+00,-1.420952055866339103e+00,-2.983270971776487701e-01,-8.147871336334482351e-01
6.272831624059961797e+01,7.248386716074567637e+00,-4.482983470601282328e+00,7.168206580105072057e+00,-2.436958161727442285e+00,-8.716745099831093579e-01,3.452101399841580154e+00,1.263313070967368779e+00,1.164387215859383096e+00,-1.084781391093574410e+00,-2.739647201261700804e+00,-9.449476766269535588e-01,-1.053343393566858799e+00
6.311890332978557439e+01,1.472708841310618766e+01,1.834671575792778508e+00,8.730194467999556451e+00,-2.422530367290706366e+00,-4.595944792404149659e+00,8.792003685720910511e-01,-1.295248583268040710e+00,8.720641402480443505e-01,1.196418220188684850e-01,-3.183909128671724709e+00,3.651643614228043400e-01,3.733177785553332684e-01
6.344170811438062429e+01,1.740307461458254679e+01,4.929232734400819993e+00,8.461026526879528831e+00,-3.819211081952224252e+00,-6.504181881220609363e+00,-1.801356312964126127e+00,-2.923346048519750884e+00,1.453002563560314098e+00,2.848753097344191243e+00,-3.452986027256403911e+00,-1.733975719537435456e+00,7.338362829746098992e-01
6.345799506644765842e+01,1.819688212755731627e+01,4.346918434945982845e+00,7.469274801575235934e+00,-1.261539194169757350e+00,-6.439974435022760346e+00,-4.385728149607440507e+00,-3.747549838578988712e+00,2.297814831738853592e+00,3.515144036585075682e+00,-3.722472484322158603e+00,-1.931689460563145833e+00,-1.611985708944843887e-01
6.525044574902003092e+01,1.748269332917747931e+01,1.978124137602482957e+00,9.607861015966239648e+00,1.010018914646777510e+00,-7.025246218315198021e+00,-5.079576000461047514e+00,-5.228985555318617529e+00,1.797466810706744633e+00,4.382805612976722109e+00,-3.687152602416055025e+00,-1.486336190653622547e+00,1.501066107129730209e+00
6.727713281086374764e+01,1.758726362408992472e+01,5.084977091805452654e-01,9.721269970352681256e+00,1.891125274545848223e+00,-7.226949787880228904e+00,-6.064931807357962334e+00,-5.655127696532446180e+00,3.114983193761688085e+00,4.707094567300564414e+00,-4.695899752591202514e+00,-1.732471241071021018e+00,2.182118730848190857e+00
6.760760054593914958e+01,1.873610669999818512e+01,-1.908004316096326702e-01,7.851395053169708760e+00,2.917368546124955220e+00,-6.911436910272652945e+00,-6.587645183222366363e+00,-4.813544201167332837e+00,2.481582947927466698e+00,4.117216819293534336e+00,-4.199513600593046903e+00,-1.545281533903406279e+00,2.200897406440376791e+00
6.593934334628123395e+01,1.930067138115912684e+01,1.315145282566412055e+00,6.305869507082806358e+00,2.842850076530193615e+00,-6.289866158251711248e+00,-7.536824074853736732e+00,-4.949896543012143546e+00,2.535057004317609053e+00,3.906040526231220777e+00,-3.937892421501203000e+00,-1.526094872053462836e+00,1.480814301858677906e+00
6.621238531197161592e+01,1.893079410756972791e+01,1.092110245873032515e+00,5.705769567844360957e+00,2.221865112876271642e+00,-6.147017813581121537e+00,-6.566250198082757450e+00,-5.438151811528511459e+00,2.006598287690168902e+00,4.754337468804053835e+00,-4.692180801315137373e+00,-2.225859250310665338e+00,2.595106400541186353e+00
6.542529593121730613e+01,1.827688822423826664e+01,1.556271939092640721e+00,5.596344745829941125e+00,1.571584976391274147e+00,-6.014153862374235437e+00,-6.964540344895620017e+00,-6.094725034970646327e+00,2.399366122978478622e+00,5.004933263023873202e+00,-4.755080884564184984e+00,-2.742524522734458348e+00,1.970974095908553547e+00
6.475886501481797097e+01,1.815487984232086305e+01,4.423302612940165357e-01,5.988466603109884545e+00,2.730901280533436282e+00,-6.691268409535860329e+00,-7.695250466889099528e+00,-5.859423057065770379e+00,2.569947945652443444e+00,4.484927565381242154e+00,-4.981265373875441327e+00,-2.686497840587240393e+00,1.690906749943982046e+00
6.493510280167581072e+01,1.776774825536795532e+01,5.619951637781207543e-01,4.840030040334194261e+00,3.272178226885205099e+00,-5.380626308750859899e+00,-8.637296771101748760e+00,-5.173755696819284822e+00,1.449983893220282649e+00,2.541241783918830155e+00,-4.374983333266918351e+00,-2.465462917552621480e+00,1.602229759974031609e+00
6.299145975766012384e+01,1.834652045112456875e+01,2.431013982882652691e+00,4.561327363334855889e+00,3.122131713302091605e+00,-5.458997034072014642e+00,-8.964285468433489612e+00,-5.644401001076293056e+00,8.777926602140684320e-01,2.880757934471082304e+00,-3.697031449496420041e+00,-2.954899541630707560e+00,9.111450691536076008e-01
6.275908531553704961e+01,1.867137326530722774e+01,1.577507638093437858e+00,3.640085956054268657e+00,3.692517254055018405e+00,-4.153229477968912953e+00,-9.348531828426407841e+00,-6.136077370356186833e+00,1.738305255592300425e+00,1.764125067273724312e+00,-4.084973119616542192e+00,-2.543363427354183859e+00,5.905573386073438291e-01
6.176476187503527626e+01,1.738145574517080050e+01,1.006107207140120474e+00,3.599285404789147158e+00,4.327430462166635294e+00,-4.722319832903138170e+00,-1.008620789641680915e+01,-5.716471523730758619e+00,2.101635092062555721e+00,8.773482222461429503e-01,-4.707174260814904088e+00,-2.271954448219364320e+00,4.390020095362789920e-01
6.155222830820198254e+01,1.649323948916143578e+01,8.245142790660220378e-02,2.883809601935006572e+00,4.569602688521865907e+00,-4.843589321030860262e+00,-1.048737786724683474e+01,-5.092459744977938740e+00,2.268566777528232326e+00,5.741554532556727430e-01,-3.978204142129444509e+00,-1.485290366864074896e+00,1.027505043017242103e+00
5.883053241978422676e+01,1.569635982382630246e+01,2.909810944458051107e+00,3.898385920470478716e+00,1.780368905960286074e+00,-6.486266466826092092e+00,-1.007978073695463195e+01,-4.945646845315506468e+00,2.209130403579611102e+00,1.879369820429710014e+00,-2.615923907737226717e+00,-6.426568171623879833e-01,1.795193862065244783e+00
5.829234258371598543e+01,1.572021476737313606e+01,4.031007124893502436e+00,4.085057972679065230e+00,2.158388766202389952e+00,-4.886758368254584539e+00,-8.466958782595227717e+00,-4.983320553671140907e+00,1.417631393006142604e+00,6.115392517603354117e-01,-2.589999972722961452e+00,8.902476045589169384e-02,1.053193490897222695e+00
5.519238807850335604e+01,1.532248384982596434e+01,6.318056248997091728e+00,5.228789708343879461e+00,2.205115189558871869e+00,-5.663311985294128270e+00,-9.346785939118735342e+00,-4.805602882843524881e+00,1.111543733310301985e+00,-2.527112479872139703e-02,-2.853146204930222307e+00,-9.816180692632510141e-01,-1.630287318127354168e-01
5.624653615971514142e+01,1.546529621289159273e+01,4.110802749706608417e+00,3.347833810878489302e+00,2.392810694013822737e+00,-3.985663665935332833e+00,-7.699109350842609167e+00,-3.403655599068945659e+00,1.653750053691950717e+00,4.674982052070554839e-01,-2.626683640095556882e+00,-4.037684038928523456e-01,3.993793198400002464e-01
5.639097492903618303e+01,1.533004774764425804e+01,4.522273585850125954e+00,4.324168391416640667e+00,2.707132315305240677e+00,-4.565654746021643895e+00,-8.670487986171318440e+00,-4.093589583224010120e+00,2.223020652353881577e+00,6.397178553999500750e-01,-2.668995059406499948e+00,-1.310880263612239915e-01,7.123696628666281727e-01
5.460296382063615539e+01,1.383384303456864828e+01,5.742770328983639594e+00,4.572204854153901543e+00,2.787678048630422456e+00,-3.597614037176346535e+00,-6.627898897817340540e+00,-3.610904583762127196e+00,5.699989001267683486e-01,5.651991716601866000e-02,-1.950268051875042152e+00,7.795586580730348158e-01,1.202691360516015884e+00
5.126040141390738825e+01,1.161403945715226094e+01,5.280015328634386051e+00,4.169764987188530725e+00,1.784341346813334006e+00,-3.801176719883219590e+00,-7.296383912034393404e+00,-3.687092681546588757e+00,-2.865810910391294875e-01,5.239598400510507847e-01,-2.024666213673062209e+00,-4.708155671828160305e-01,8.354980626655470477e-01
5.061598790680847770e+01,1.123365813003906588e+01,5.050302051978648343e+00,3.909190583123009599e+00,9.034330969958362934e-01,-4.019071828756186626e+00,-6.444838684930547679e+00,-2.910077325544234039e+00,5.670207071636681473e-01,-9.217025401392199557e-02,-1.702823409480497485e+00,1.003148511773822804e+00,7.893210127666219211e-01
5.289077732471054816e+01,1.360902421744234658e+01,7.428638158605042285e+00,5.876463257650783589e+00,1.771422178114766321e+00,-5.169134944095109319e+00,-7.157542882484904112e+00,-4.010789883184917137e+00,1.791373036233954164e-01,2.635854848841531206e-01,-1.991258950738620692e+00,9.884685405358967572e-03,-6.253801207083785341e-02
5.111448117285834059e+01,1.167208042667458834e+01,5.601794048749284549e+00,3.734742350390297894e+00,7.567398722926311772e-01,-3.376129390166079158e+00,-5.421155091236204981e+00,-3.518897968731781400e+00,-2.414526894956466052e-01,-9.701803049563884063e-01,-1.548907643056418149e+00,6.206052472897115591e-01,3.205692686063243424e-01
4.901230018705170011e+01,1.002534003137727225e+01,5.265145781894787547e+00,3.772408550158308227e+00,1.015717017577862036e+00,-3.255811423252389147e+00,-4.648013162626009276e+00,-3.171148491977091588e+00,2.479119331359722345e-01,-1.331431400312350188e+00,-2.141529012982313240e+00,5.729656124755085900e-01,-2.845052247831343917e-01
5.303201369568566292e+01,1.123581237981252734e+01,4.906136115624280869e+00,4.255666322579502392e+00,-6.635794913850545651e-01,-3.738034100317758401e+00,-5.819847653821216049e+00,-4.412313799989039609e+00,1.316065943070325650e+00,-2.486911129981302093e-02,-1.086322240756417479e+00,8.888892135052451904e-01,-1.058313907169733392e+00
