6.031522746415775060e+01,1.684561540287222270e+00,-1.400546177967340888e+01,3.567305379290536482e+00,-1.293954448661814860e+00,-5.962689189566050985e+00,-1.691863812842894499e-01,6.421570073504736520e-01,5.935113347373547343e-01,-3.306668590901098437e-01,7.586887969719091629e-01,2.579982282659944115e+00,6.610481084020012332e-01
8.185876418963657386e+01,-2.948002477027958257e+00,-1.679276980434224242e+01,4.141193223555916347e+00,-8.113181533026606829e+00,-4.711585551005509132e+00,-3.493052599618698739e+00,-1.669702861812369266e+00,-3.482152681096896796e+00,-1.001681515780090903e+00,-1.259182284576815025e+00,1.138288572723267444e+00,3.342987334614722639e-01
8.481396803204721380e+01,-4.406177320249424767e+00,-1.177535208542974310e+01,1.068356487944223332e+01,-6.080178857576302498e+00,-8.115507151863509128e-01,-3.192226009856085067e+00,-9.381893775796026347e-01,-4.178559625354192342e+00,-2.695330262884337191e+00,-3.279371793694049853e+00,2.555857986478904387e-01,4.481341903237706648e-01
8.134256389018550237e+01,-5.369701777421327371e+00,-1.324384399585840022e+01,8.986103888158236686e+00,-6.554353758175944122e+00,-1.781690651862213037e-01,-3.149442789702370238e+00,-1.427884487285605353e+00,-4.106419912652073734e+00,-3.071886968793715145e+00,-2.233316292587112173e+00,-8.855490658233490242e-01,1.317892363335897432e+00
7.760273805184917251e+01,-6.450819718702274663e+00,-1.504571117848974460e+01,8.331042301328094979e+00,-6.247529997626420695e+00,-1.063345515977396571e+00,-3.059155331527400268e+00,-1.909872935537590743e+00,-2.368787200045032737e+00,-2.845740156256125086e+00,-2.021533319623829872e+00,-4.821920680348640992e-02,2.199837223274600184e+00
7.500760964928717556e+01,-4.880009782439634236e+00,-1.585005168767081862e+01,6.163143165834849668e+00,-6.519690401492105103e+00,-1.745684142629461144e+00,-3.894018324916448393e+00,-1.464319812193800807e+00,-1.554433967973264163e+00,-2.708705829648452301e+00,-1.684742662191741847e+00,6.394278509380405540e-01,2.374002426071954552e+00
7.181643468506612749e+01,-4.071439585989168997e+00,-1.473097930477286788e+01,4.321059278220356958e+00,-8.104845453071726880e+00,-1.264900648191854993e+00,-1.691374174026232247e+00,-1.246933414709328947e+00,-2.733673155387195131e-01,-2.588788205621364025e+00,-2.276452069689290258e+00,-9.612651228096810163e-01,1.535008550560553076e+00
6.703971082863894537e+01,-3.016720742415496925e+00,-1.475346737179996914e+01,3.767240425111923585e+00,-7.813233511283602439e+00,-2.613526346090833119e+00,4.821398327615527002e-01,-4.698407005313103846e-01,-3.768459076467935761e-03,-1.555208895471468455e+00,-1.964495723989835074e+00,-1.462291858366052910e+00,4.108736245696998357e-01
6.296416045101029368e+01,-6.623675373140160971e-01,-1.432483171643233710e+01,2.936114805767831015e+00,-6.113635685884433180e+00,-3.176838701146431188e+00,-7.818185643736724755e-01,-1.634734494257175541e+00,8.098612466902235241e-01,-8.592390901358986088e-01,-2.400064887514210987e+00,-1.361630193456249138e+00,2.642867181437511537e-01
5.949353343459289789e+01,4.059168984287716775e+00,-7.245342167518886711e+00,4.011627527387363834e+00,-3.315404806040180841e+00,-2.005273081970325499e+00,5.091247151310440699e-01,-1.256254289284884251e+00,1.555362348713568599e+00,-7.341200029206171873e-01,-1.875926578888945429e+00,-1.784519940043021446e-01,1.141219378596440626e+00
6.133883855842976374e+01,1.399656996359627037e+01,1.234069403973443224e+00,6.815333645109151739e+00,-1.082259324865307848e+00,-3.284648112990733893e+00,-1.246801909720453461e+00,-2.157371445217309613e+00,5.520434330076994245e-01,4.483177703319231600e-01,-1.856457085261225215e+00,-2.855085169389705579e-01,1.074741373479846995e+00
6.129565712527641352e+01,1.845134985550153317e+01,5.060605817446425903e+00,7.205496992042271565e+00,-1.213043346575339188e+00,-5.920814193749446730e+00,-3.237001133070208869e+00,-2.477780686052903469e+00,1.118280939647241068e+00,1.528031955563009303e+00,-2.546605123334102494e+00,-6.961630584113913667e-01,5.048106239069599654e-01
6.549864635318920136e+01,1.803555730535738277e+01,1.582356121058563492e+00,7.374532203325477653e+00,1.718658786863413446e-01,-6.850350023255467491e+00,-5.355078080674494423e+00,-4.329574707924455090e+00,2.138800885525746764e+00,3.445385512553203355e+00,-3.628177025265274747e+00,-1.991984324668788275e+00,4.000316047286181509e-01
6.865749387511507962e+01,1.789368463909842788e+01,-1.086789736730909839e+00,8.471474088495073218e+00,1.711170944437213182e+00,-7.078099149792983269e+00,-7.052191628839964643e+00,-5.729426652313519774e+00,3.251098648842235761e+00,5.107952904445432374e+00,-3.977179117272912734e+00,-2.864685298456891793e+00,6.811047260972477035e-01
6.870333946021186478e+01,1.930236513539455245e+01,-1.508754535269916097e+00,7.720504639712691741e+00,3.245412773714691834e+00,-6.482693426577974094e+00,-6.596080741786016333e+00,-6.628774791606990568e+00,3.390096162289284010e+00,5.456801386603779669e+00,-4.185812225889748994e+00,-2.045994604710555720e+00,1.194877094930326233e+00
6.731045558370851722e+01,2.017205801009702171e+01,-1.040644712325892660e-02,5.506002410514470036e+00,3.883346638346229618e+00,-6.035848339119088024e+00,-7.692964796998695398e+00,-6.151805951342936396e+00,3.012706071009448205e+00,5.326278689862201432e+00,-3.476408499397821039e+00,-2.527928369308750867e+00,9.697165372694667163e-01
6.644990589100603984e+01,2.031524432047460138e+01,8.238096857312346977e-01,4.540815032141812146e+00,3.809851492839644305e+00,-4.977070104678841034e+00,-9.746161195067216454e+00,-4.782591007557186913e+00,2.771725607828796623e+00,3.604418518581485209e+00,-2.514949794703597696e+00,-2.463159517056765946e+00,2.572544242945853377e-01
6.572275155838158867e+01,2.039610732736746002e+01,1.007335511175599274e+00,3.639573649121716326e+00,3.985721874825532307e+00,-4.355255484852932568e+00,-1.059623215311454025e+01,-5.394770527022979323e+00,3.385098505139584546e+00,3.722558035199651005e+00,-3.151640686622701804e+00,-1.903993784530289224e+00,3.896869230147828045e-01
6.593104113010085143e+01,1.984951543398351248e+01,6.150312445759053004e-01,3.675498742685446629e+00,5.114173690443879039e+00,-3.993546469435416135e+00,-1.146817447844786564e+01,-5.808493027215993365e+00,3.585253961504101028e+00,3.877842642614762969e+00,-2.657237741823058386e+00,-1.867282569235206413e+00,9.731823489336304672e-03
6.548604720958955738e+01,2.043582367531338306e+01,5.668229427946301913e-01,2.468252346564796085e+00,3.883303263532098981e+00,-2.830791526736039732e+00,-1.028669695314765420e+01,-6.553314229863529405e+00,3.504847086224483377e+00,3.711003777163599526e+00,-3.248673754783573564e+00,-1.314412838538307149e+00,5.435702171564630314e-01
6.501812151167284526e+01,1.936418554034743522e+01,6.875717963308096703e-01,2.608612438333977490e+00,3.118909996179436206e+00,-3.523762012858937975e+00,-9.905282760058922165e+00,-6.652034305261547154e+00,3.828322030399853748e+00,3.480197010671009394e+00,-4.064824399136429456e+00,-2.318346154836565365e+00,-3.006700171202303026e-02
6.466734825090750860e+01,1.821676691195517961e+01,-1.049338648855572056e-02,2.529992215944915301e+00,3.084989572505895339e+00,-3.333679115256257930e+00,-9.522346417998583945e+00,-6.836021901494583553e+00,2.915687053937959572e+00,2.595836626365442878e+00,-4.425642054375866330e+00,-2.719693343961722132e+00,3.845342617341055980e-01
6.287025696049192192e+01,1.838848629489865516e+01,5.757608680435262194e-01,2.959324929113593683e+00,3.646548222861885957e+00,-4.041217009069772992e+00,-1.026342917285339418e+01,-7.794371644512824382e+00,2.918525525263029330e+00,3.379208982579250620e+00,-4.572235508775266410e+00,-3.637608469467523697e+00,1.160505434054732443e-01
6.324316586808407692e+01,1.736616622342576477e+01,4.431624100845549252e-01,4.137223828475281806e+00,3.356037202488651339e+00,-4.103535915534613387e+00,-9.995983413025031794e+00,-8.289738500529285403e+00,2.515806620947210082e+00,3.068635317304583054e+00,-4.929951080115373863e+00,-3.068167005890646060e+00,3.630364334714440977e-01
6.294280184611491791e+01,1.685588519696330323e+01,2.284858435612565075e-01,4.064890869576069043e+00,4.107692807172870886e+00,-4.615202196306948501e+00,-1.087940071908696993e+01,-7.430942043649532813e+00,3.406731077111348593e+00,3.341450486253981556e+00,-5.495634954844687670e+00,-2.283980506414047706e+00,-2.299694822371262798e-02
6.458109171715260288e+01,1.552469343722410322e+01,-2.338593407491544873e+00,3.611904031933959036e+00,4.516986075627768216e+00,-4.360045893144756768e+00,-1.044086203898604381e+01,-7.365456738847601770e+00,2.229897329893131719e+00,2.885350375723629401e+00,-5.332549596190495400e+00,-2.212358937351822430e+00,5.967701104217862929e-01
6.247102907247294468e+01,1.519544888021853346e+01,-1.614763500798038542e+00,4.393658574028999730e+00,4.571835495192803300e+00,-4.832464904467030919e+00,-1.068632861521747834e+01,-8.088549552434573187e+00,2.922903786575931306e+00,3.354157897240849007e+00,-4.070861887368153020e+00,-1.379989819362016812e+00,8.660071764703030084e-01
5.887669370571594385e+01,1.451528697250718203e+01,1.714643353375036705e+00,3.367539467759484761e+00,2.258587797779646245e+00,-4.835873232363904428e+00,-9.517077624053765561e+00,-7.575671954724678692e+00,1.542916469281624625e+00,2.993827343583942646e+00,-2.246725562031402390e+00,4.557038833465805461e-02,6.659247069839270283e-01
5.894259507774563644e+01,1.528409402877737655e+01,3.447535333863906981e+00,3.973169083007721536e+00,1.835725630052791546e+00,-4.186673116544270101e+00,-8.669836479802278006e+00,-6.770396790776531226e+00,1.531597564962251523e+00,2.866974612626393526e+00,-3.006183051901657688e+00,-1.606128430172983235e+00,1.261624910408910283e-01
5.705832990849683029e+01,1.417562208755874842e+01,3.771293812825661895e+00,4.548837953139304169e+00,2.908223043327802237e+00,-3.618681324426671786e+00,-7.814704565719440943e+00,-6.020053359280860050e+00,1.038752357575454921e+00,2.135176664829032234e+00,-1.672820027161441514e+00,1.279762450033242183e-01,-5.712983375052367585e-02
6.026702141574295268e+01,1.493137542592879541e+01,3.876080872559229534e-02,2.896310854642661248e+00,4.278564776645509049e+00,-3.852245883980710772e+00,-1.106880924137786515e+01,-7.023934312065285290e+00,2.068343331580976052e+00,2.145844679879580053e+00,-3.570711374451769782e+00,-2.929249529290609111e+00,-1.304643680950497708e-01
5.837479437767573387e+01,1.424515503141766004e+01,1.854276095307879180e+00,4.055265830717438291e+00,4.714824861855361426e+00,-3.437174714868396208e+00,-9.645227288354041306e+00,-6.047224960070099797e+00,2.072817165593135780e+00,2.256982939203480587e+00,-2.406668028518439861e+00,-3.230149814100456984e-01,5.839876568348480873e-02
5.554447846034990732e+01,1.316483691893419561e+01,3.294539248536776377e+00,2.924562498122262433e+00,2.299686842753343896e+00,-4.609079369531552395e+00,-7.643164060397765525e+00,-4.795182989447313027e+00,9.526304320552837490e-01,2.107108579047739738e+00,-2.137522029872379381e+00,-1.169729835257359962e+00,-6.590758371531244553e-01
5.581117386268590508e+01,1.343457930643988441e+01,3.320800351283045515e+00,4.522572824264780245e+00,5.019871961265800486e+00,-3.644858189991892150e+00,-9.734192438753334287e+00,-5.127362403879732966e+00,2.298219674894097952e+00,1.954299938306315765e+00,-2.916618319676809179e+00,-9.558789074482264558e-01,9.539695446554516955e-01
5.063362532894845458e+01,9.757742726300559610e+00,2.323803812445987660e+00,2.490169866136626720e+00,1.393760625829699062e+00,-2.781210778493547142e+00,-6.138460987199512608e+00,-4.262356050406124197e+00,1.944014507392211710e+00,1.135861545742660406e+00,-1.850313655775562394e+00,5.976617779089395954e-01,9.280023083102343362e-01
5.191027775761907748e+01,1.102640736676593924e+01,5.094116181340203831e+00,3.609347082252316596e+00,1.595245200699765276e-01,-3.556966325490805936e+00,-5.347297687453822057e+00,-4.493622044106593272e+00,-2.686387102093956702e-01,5.963673176030992451e-01,-1.642159850938447851e+00,3.334551101853486244e-01,8.049880660322809856e-02
5.175544268685122518e+01,9.957086158940496645e+00,2.409679532034567195e+00,3.354632415693501013e+00,1.517666673371805608e+00,-3.487866222658424054e+00,-6.421340497007367532e+00,-4.389641311119552469e+00,6.290446853821175521e-01,1.499800299893563116e+00,-1.592468912176858264e+00,-3.547211093583948482e-01,-4.343513016672158056e-01
