4.426978973477598345e+01,-1.042933747200666872e+01,-6.999247142031443936e+00,7.396570169679119289e+00,-6.105636063120980950e+00,1.154819210538070129e+00,1.792198488645813104e+00,-3.873878415775335426e+00,4.532667271824783128e+00,-7.207095874283499064e-03,-2.773642865363104892e+00,9.306748611928318260e-01,-1.181336922454744309e+00
4.856645463479105729e+01,-9.407815942350003624e+00,-6.433618814572605871e+00,9.237859558683048533e+00,-6.464636573331099534e+00,9.866204469183701420e-01,1.695902333418632946e+00,-4.915425130114161156e+00,4.744816712291774152e+00,2.170751662299911233e-01,-3.163131519997286034e+00,7.538490138285366404e-01,-9.740633636381985649e-01
5.004021851706465185e+01,-1.092362824288621859e+01,-6.781642638728591521e+00,1.013277136199605799e+01,-6.282871067004836441e+00,2.474886760230180283e+00,3.677626288587079184e+00,-2.714969631184056098e+00,4.568222499571747086e+00,-2.499385351963777091e-01,-2.863076345801065070e+00,8.160532543705036890e-01,-1.533719982770692436e+00
5.038783933956125338e+01,-1.336443283782798197e+01,-8.152339467335899315e+00,1.011862517395048222e+01,-8.789996788313878540e+00,1.957550265346161389e+00,4.581943189065888156e+00,-3.832131734928811095e+00,3.222160518531357543e+00,3.437669708983662753e-01,-2.108883289230758518e+00,6.520217770857370532e-01,-4.650376609179464604e-01
5.334794497195917273e+01,-1.164246507361442440e+01,-6.749221623185886365e+00,1.268795993320910043e+01,-7.992701531279258198e+00,1.632179931055000033e+00,4.099392324142900002e+00,-4.467180675955907176e+00,2.954099493884453143e+00,5.171191065403519804e-01,-2.436422213538901982e+00,1.086043712606426848e+00,-3.196207171158719218e-01
5.415563842063431110e+01,-1.287291689468818845e+01,-7.201999163520606650e+00,1.134840787498157511e+01,-9.261298123796281700e+00,2.375220982920338120e+00,3.531842614308786210e+00,-4.212086804360088976e+00,2.817902961149037377e+00,6.428874204633802103e-01,-2.050836231722464209e+00,8.179601859293768040e-01,-7.193150384942108566e-01
5.532536047808162749e+01,-1.296030162288244725e+01,-6.900699776297175347e+00,1.118306046253203512e+01,-9.757069474547385823e+00,2.806608034470969404e+00,2.923874696656525884e+00,-4.815778714461149690e+00,3.076983555370872647e+00,3.781679112006215981e-01,-1.692580419854171847e+00,1.251633051401316088e+00,-1.254511303441233627e+00
5.573470349887537623e+01,-1.371920295755575658e+01,-6.495805441402605851e+00,1.041595273678104761e+01,-9.830220910391673783e+00,4.049115531123692158e+00,1.248251938572810582e+00,-3.862072634187465603e+00,3.408548371783112430e+00,-5.035600168451974668e-01,-1.571534946125019649e+00,6.172138379585865309e-01,-1.353384391964121081e+00
5.620118949609725689e+01,-1.538797975114720806e+01,-8.294057078012050610e+00,9.779474046988001490e+00,-8.540798666044770115e+00,4.611912405148626881e+00,-1.034826720505115788e-01,-4.442174217800936020e+00,2.503886942783625891e+00,-8.025565787761397285e-01,-1.159204854530816231e+00,4.533945859796530836e-02,-1.205826197902562402e+00
5.612584684751821840e+01,-1.191003537984802385e+01,-7.276170212959082839e+00,8.818846419541804593e+00,-7.408274751115260237e+00,3.707498594429646577e+00,-4.115057640049611387e-01,-3.977765210159106779e+00,4.376234269391741982e+00,-3.143468272561027177e-02,-1.727462836323150119e+00,6.089569157338814431e-01,-1.104898165816919242e+00
5.772441066413072264e+01,-8.146915967870036468e+00,-8.248657689823250649e+00,7.968047925008862720e+00,-4.787870509709990507e+00,5.506724391286113018e+00,-1.332625613557075983e+00,-6.924627486966469903e+00,3.036729767216775233e+00,1.288034389832841131e-01,-2.241761753283935121e+00,-1.129493908722136730e-01,-1.252640177936735544e+00
5.886365666998233337e+01,1.603970916659237078e+00,-3.304226721541848377e+00,9.232911962635332870e+00,-1.317891472478971426e+00,5.181340987331075176e+00,1.492871280448305193e-01,-6.572605211844378736e+00,1.607058099820136032e+00,-1.027707251047442538e+00,-4.073750055109177204e+00,-1.678188866598388174e+00,-1.691361097467335428e+00
6.520064115886390255e+01,1.236824838210051780e+01,-1.767227984998418489e-01,8.714359035090378569e+00,-2.952652399507845749e-01,5.293399903067086409e-01,-1.976353348608200555e+00,-5.804548646381823218e+00,6.776545902531396770e-01,-5.514660817708256779e-01,-3.353936587233567579e+00,-6.725033754599399893e-01,-3.541042724589819612e-01
7.228380485062177740e+01,1.760146174632597749e+01,-5.685648163797146104e+00,2.683910037497437617e+00,9.317798304292917999e-02,-1.139347677076517407e+00,-2.448273017444612343e+00,-3.422246104644925957e+00,1.878946403984755209e+00,-2.356608234866839791e+00,-5.750827091955326154e+00,-5.393902870140728778e-01,5.505106619845662186e-01
7.416614803053599303e+01,1.896160975495606849e+01,-8.454579779954507046e+00,1.133745875550107751e+00,2.654139712219046210e+00,-2.197734008081438706e+00,-3.534181321372677598e+00,-1.234305548106459760e+00,1.405369358383411038e+00,-3.372803960917288624e+00,-5.187211325238164861e+00,3.060232561947206498e-01,1.261237066567241660e+00
7.245124957512784647e+01,2.021019858613959030e+01,-6.873861272215150642e+00,-1.431602021306382255e+00,3.212846116239745697e+00,-1.193703377690473744e+00,-4.336726588378216896e+00,-8.474061330928981395e-01,1.343816102582356953e+00,-3.644524950709137290e+00,-5.752751576549173684e+00,-2.498599395906039300e-01,1.881627290764120941e+00
7.088472392876414574e+01,2.010674349954398465e+01,-5.121827871820244127e+00,-2.912028613550682099e+00,1.729424478810148935e+00,3.384250351288757563e-02,-3.274289387690712427e+00,-1.676256239352114097e+00,9.673175869323664688e-01,-4.805503359042446299e+00,-5.265200468716594528e+00,7.188360484251715699e-01,1.825092118392606100e+00
7.023831675185286372e+01,2.065741733491930177e+01,-3.937431533286605667e+00,-3.692345140054070107e+00,-8.805756625563642137e-01,2.317206430007082041e+00,-2.403164267141696619e+00,-4.385311771051232377e+00,3.471791184812353936e-01,-4.275438966027107490e+00,-5.487415358834932810e+00,2.173239196286256725e+00,1.626636597954569607e+00
7.114686949490852896e+01,2.199681994541506924e+01,-2.258604894593167600e+00,-4.192957888205520511e+00,-2.124991034604866602e+00,2.134604745785157132e+00,-1.023751957768775478e+00,-3.916588888747289943e+00,4.178791582370909863e-01,-3.925973941113082066e+00,-5.312971676506326624e+00,1.866831907586084194e+00,2.018012751477847200e+00
7.127668932773812571e+01,2.265373662086066275e+01,-1.774664964138000567e+00,-4.248980161819193135e+00,-3.625758744208926743e+00,2.372339051079105587e+00,-9.368039286839454638e-01,-3.647674529752827244e+00,-2.984625102745714353e-01,-3.822049078344782913e+00,-5.357895685809475061e+00,1.987431009009778871e+00,2.091077610960001998e+00
7.145879910557054870e+01,2.269569120379911453e+01,-1.146645354374624670e+00,-4.866411875283515265e+00,-4.398749218468839040e+00,2.323643147233369621e+00,-8.365343077390007265e-01,-3.492564412603130553e+00,-4.410068998040077570e-01,-4.245549099549477567e+00,-5.116327124001789350e+00,1.737238030257140409e+00,2.328447077999229009e+00
7.171723746905088603e+01,2.334853714912535594e+01,-1.713153041858440861e+00,-4.993326011610040638e+00,-4.485719062777516974e+00,2.492263588030839916e+00,-4.283644976064973076e-01,-4.668872231212397139e+00,3.891902136610251306e-01,-3.128257613096073975e+00,-5.853930567912223992e+00,1.748266527499432232e+00,2.365080002223058919e+00
7.314639686685310949e+01,2.307794897687944768e+01,-2.431046673939108782e+00,-4.737290134057453805e+00,-4.571870718490866459e+00,2.441254005463354915e+00,-5.650636675721694147e-01,-5.423183358687145628e+00,1.167656736528230654e+00,-3.071229812677613413e+00,-5.908199837187025238e+00,2.013966630811403924e+00,2.278580980470066741e+00
7.491274002973183599e+01,2.271946314564438651e+01,-2.423501786624771448e+00,-5.231426579575424896e+00,-4.928194506170807898e+00,3.460146442967707348e+00,-1.136761647293319744e+00,-5.475501725391068497e+00,1.483588680203340893e+00,-3.051676872236929405e+00,-6.448593332345446960e+00,2.671620030040663618e+00,1.925674930858037204e+00
7.718824886351404757e+01,2.229118969055184252e+01,-3.259163816869979247e+00,-4.001662344356204493e+00,-4.508035550085342180e+00,2.356468256350724211e+00,-8.129643324330868559e-01,-4.311076964049727067e+00,8.959414255160256246e-01,-3.184906177660062010e+00,-5.526862566521338671e+00,2.214729630267920690e+00,1.919984576796230247e+00
7.766646786607265085e+01,2.253035723369039189e+01,-4.419743363184736040e+00,-4.620624689762880877e+00,-4.088818832796496494e+00,2.627472180363727983e+00,-1.370672523615374505e+00,-4.391125024238925256e+00,1.045303630740025191e+00,-3.215251529427051835e+00,-5.967735637164399698e+00,1.640706174144316076e+00,2.046869782044780539e+00
7.829173774564911525e+01,2.175292340226125631e+01,-4.056012151188007842e+00,-4.396730996399687008e+00,-4.650535776319711267e+00,2.305064739321074807e+00,-1.824679441411040548e+00,-4.489748412347990936e+00,2.047952174608497433e+00,-2.273401392486826822e+00,-6.520059485347705852e+00,9.890632177112727019e-01,1.440050864655505691e+00
7.849830700039819931e+01,2.170353212471018267e+01,-4.727304910184358278e+00,-4.176317247970168012e+00,-4.891552747409518176e+00,3.403484844489549133e+00,-2.239960881880287857e+00,-5.292294962236471001e+00,3.828117797228140162e+00,-2.236854943782474070e+00,-7.424589097510195579e+00,2.279828318553019706e+00,8.052884468094680948e-01
7.979284005240033650e+01,2.026623870701936880e+01,-5.628581531724246467e+00,-2.756124731301502262e+00,-5.178264748266454554e+00,3.836979863386466238e+00,-2.344232210562087193e+00,-6.185232019113917623e+00,4.903397930563264673e+00,-2.807591948951547511e+00,-6.855116429273398815e+00,3.332068778493181505e+00,-1.974848262861741630e-02
7.981255345773389820e+01,2.058272668984336917e+01,-6.733841513415201874e+00,-2.847102966643916488e+00,-3.982050573179079844e+00,3.354185403749716965e+00,-2.917768566045464418e+00,-6.275674946428263290e+00,4.652031737281379087e+00,-2.719610964714108015e+00,-6.259183791965760690e+00,3.449969520757270036e+00,2.551019376798974725e-01
7.977448694799726070e+01,2.058745280395572763e+01,-6.991612666659986708e+00,-3.807244756262127439e+00,-3.528729009194191857e+00,3.454897984913505748e+00,-3.500426995450156564e+00,-5.967903059823140843e+00,3.867258154747274634e+00,-3.068107538267604628e+00,-5.000900667679126776e+00,3.031534442665205997e+00,5.900499213235503061e-03
7.948929543377194307e+01,2.062384954387971803e+01,-7.821576243026226116e+00,-4.674821098402958341e+00,-1.995600231039645678e+00,2.710447160420800472e+00,-4.091318736357998809e+00,-3.981725479708964510e+00,2.474619233794600248e+00,-3.963061936618072156e+00,-3.818241785813784261e+00,3.022397976340887915e+00,-3.855717689954142324e-01
7.910901655001312349e+01,2.084218891767108417e+01,-8.306017779080997698e+00,-5.201001305484797221e+00,-8.139565147457578087e-01,2.055746738195924461e+00,-3.789572117010100438e+00,-2.641867615278109316e+00,1.238294469874689829e+00,-4.255208767209495591e+00,-3.457838192432882707e+00,2.425565453876506794e+00,8.132905768406218927e-01
7.945702238234964909e+01,2.016417081960011615e+01,-9.489000348712931299e+00,-5.727142950409923827e+00,1.908229856415732950e-02,2.422324812679870210e+00,-4.510524024333377291e+00,-2.086959556821400774e+00,-1.158841421202367987e-02,-4.242918245015995460e+00,-3.724641881913495656e+00,2.444868544134783939e+00,1.597455081567515034e+00
7.962391038202369486e+01,1.953940222521794823e+01,-1.004796380501670328e+01,-4.912087143810022205e+00,1.081030885485088078e+00,2.020587870068314196e+00,-4.799551339058320210e+00,-1.963142568961754542e+00,-1.130473351464217791e+00,-4.881383027455895807e+00,-2.900799889074852089e+00,2.241854724893472817e+00,2.435441432862659905e+00
7.773545388499556452e+01,1.931064626376085158e+01,-8.969196426341344619e+00,-5.035606641317451171e+00,6.341739953812777220e-01,2.355204159413297749e+00,-4.237927209619499536e+00,-3.163177730317497716e+00,-2.331282751585058932e+00,-4.559165281203939379e+00,-3.011623182876079774e+00,2.550664069016497670e+00,2.581923193942674111e+00
7.648778479488925086e+01,1.805932476040979040e+01,-9.923184359692315937e+00,-5.357474600085903482e+00,8.789069546385722687e-01,2.428836653141138058e+00,-3.594513001303425437e+00,-4.622545994586535478e+00,-1.972975228540255310e+00,-3.887532860251395217e+00,-4.527740472779582248e+00,1.714453495171438746e+00,1.769236226166813086e+00
7.684072796107363956e+01,1.750215370344615096e+01,-1.270566085857917926e+01,-5.742164593319134092e+00,2.499781286915021550e+00,2.588201752861659433e+00,-4.959430239237087257e+00,-4.143225195971009356e+00,-1.061807828210460602e+00,-4.851506699673207024e+00,-4.686146577188852191e+00,2.861568989524837292e+00,1.768248533453405269e+00
7.652469418770324694e+01,1.536559394813856194e+01,-1.295655949017172937e+01,-3.288227947369403381e+00,2.084824031432176650e+00,1.541834443700165869e+00,-4.433241433711078372e+00,-4.646867608652859971e+00,-3.180892311419709628e-01,-5.047885451787800015e+00,-4.899430339410876911e+00,3.651128599356515458e+00,2.592335875562207015e+00
7.007995386645640679e+01,1.522951100578426598e+01,-9.569553545497774039e+00,-3.288591158869817122e+00,2.876137876526833725e+00,1.941294074974245554e+00,-4.955556647360603861e+00,-4.527070635428726675e+00,-8.439124884320180209e-02,-3.899696050965293814e+00,-4.378235504778711373e+00,3.190040690779607058e+00,2.758022027910163487e+00
6.743249515669565142e+01,1.573603638719909092e+01,-5.942431014843562842e+00,-1.738166254954500944e+00,2.929358059041869744e+00,1.775612753561365942e+00,-4.539855102877239368e+00,-5.358417995826316726e+00,-2.350658878872815549e+00,-4.458825818208168812e+00,-3.062461443160005459e+00,2.075013458757721363e+00,1.811800948128932776e+00
6.360348358669787672e+01,1.527939453591489993e+01,-4.923202309798473841e+00,-1.628346722887146436e+00,3.394321676941949306e+00,2.820215730549604505e+00,-3.459951750292324046e+00,-5.394212504727745383e+00,-2.616034323788379634e+00,-3.773686083300385796e+00,-4.372682951631585269e+00,1.793799097068404569e+00,1.383545922129720385e+00
6.140762459765250014e+01,1.494010413925946068e+01,-3.495206871009658656e+00,-1.258517738247929563e+00,3.845045929367748805e+00,1.953437910233145391e+00,-2.848212641432904313e+00,-3.464129255699807786e+00,-2.303060811840506705e+00,-4.022566211235423239e+00,-3.741873285729095500e+00,3.153494453956963817e+00,2.251448524642932103e+00
7.773449545186254284e+01,-4.992910340729534546e+00,5.340494800191446512e-01,-4.003957209381505122e-01,-3.617329803675307431e+00,1.916170821568326188e+00,-4.413547946879659456e+00,-1.346019770118139114e+00,-3.040882008509473433e+00,-3.792045988819151781e+00,-7.376840476072501485e-01,1.157593827841085332e+00,-7.723455310507757465e-01
5.624559632598388248e+01,-1.146882429670156966e+01,1.054059913081625055e+00,4.055254446288169667e+00,-3.921356580297548522e+00,4.064775159233439794e+00,-2.862168607099278894e+00,2.020659230918677718e+00,-1.174585980672570723e-01,-9.861160038310388121e-01,-6.277207349912520273e-01,-4.695866823223768804e-01,-1.688926039755883401e+00
