7.644788182281260447e+01,-8.546898723350462745e+00,-1.208179877117651557e+01,-8.125999190806475481e-01,-1.063331583158788440e+01,2.826948073364742964e+00,-2.353444665332750318e+00,2.114865801393545741e+00,9.344369408198546223e-01,3.684902962619552191e+00,-1.444378021624184161e+00,8.622443449606775889e-03,1.187021380592615305e+00
7.931777417274369668e+01,-1.519924332477507534e+01,-9.993914478074687580e+00,-3.932938615328503973e-01,-8.552354738298262760e+00,-1.851213131288379721e+00,7.179940413939113197e-01,2.572115269048662167e+00,1.438734821752875259e+00,1.889764330750736576e+00,7.975579263878129765e-01,-1.044076827916132100e+00,-1.503700784818826186e+00
6.489510029315616180e+01,-2.151192039072311246e+01,-8.543836104500615036e+00,1.315293246878281330e+01,-8.802588903774944740e+00,-1.449487113762658597e+00,1.027139633113280714e+00,1.205844412105617991e+00,-1.405538637118181944e+00,-1.248069158684103341e-01,-1.279666953534651874e+00,4.987698987558437658e-01,-2.504567823924419123e+00
6.723166736959601053e+01,-1.766812371663616332e+01,-7.448897823021622955e+00,1.378749343634583013e+01,-8.993555331039777556e+00,1.083484510806784984e+00,1.709601896744157967e+00,9.779221626734846406e-01,-1.009492108683651690e+00,5.630309153937330668e-01,2.575729990227995647e-01,4.901827512270233722e-01,-1.894856727493043458e+00
6.708182925264225105e+01,-1.837964161957680176e+01,-7.231597450355936374e+00,1.476112177008801396e+01,-7.475382843330755200e+00,-1.476579260123522253e-01,2.631535514652299401e+00,1.529687136300592165e+00,-2.010313308500613960e+00,-3.712905115544953838e-01,-1.549997051823416960e+00,-8.446164874014831792e-03,-1.654275991952079083e+00
6.894710560689769352e+01,-1.931665810928948090e+01,-6.848868451405315305e+00,1.273062417407006031e+01,-7.997380471808178903e+00,-6.407934813662850004e-01,2.499373711155767896e+00,6.986593230038103952e-01,-1.194882875583395565e+00,-1.959774597696954113e-01,-9.774844551681191041e-01,-4.377743763030920165e-01,-2.207265807234958466e+00
7.113805750163811581e+01,-1.782045609516667994e+01,-8.189375351376710910e+00,1.200364348266797521e+01,-7.861598443343216225e+00,-9.321169040400323347e-02,2.343561580374765807e+00,-5.806961260183826079e-01,2.295939059491190481e-01,-1.419247197197535781e+00,-4.629060447655254928e-01,-4.337034808747507464e-01,-2.183364207973546911e+00
7.031066842311453513e+01,-2.056231154379794290e+01,-9.704823436962103145e+00,1.289487455282209716e+01,-6.755403236469704531e+00,9.925606173568356505e-01,1.013456800832539084e+00,-7.519839791519877803e-01,-5.184664352588379543e-01,1.206626782753102006e-01,3.176310254572816683e-01,-4.092678661226298864e-01,-1.331094363366941868e+00
7.256171281044814236e+01,-1.712835947140191450e+01,-8.598169088383659897e+00,1.338836231734007143e+01,-8.076332808642593619e+00,1.672129530539206987e+00,1.534415837292629536e+00,6.606938683084830899e-01,3.539680436839651723e-01,-3.103615442487550266e-02,-1.609467524651543857e-01,4.059993645922381211e-01,-2.554025662440930766e+00
7.264059232710238234e+01,-1.563915556936145990e+01,-1.035934919770431684e+01,1.291390255026952438e+01,-7.926412509491014724e+00,2.310511451333303601e+00,9.601152648584686533e-01,-7.474277652274745609e-01,4.701897957918316773e-01,9.125717224515542680e-01,-3.495714209685229501e-01,-1.584822422375665063e+00,-1.591525683394510393e+00
7.089654624377725156e+01,-1.398710860812103363e+01,-1.138649731345972604e+01,1.187091869410299694e+01,-8.247464462416862929e+00,2.163620335909624437e+00,2.802087599285451591e-01,-1.867005663446628549e+00,-3.064488814764894653e-01,-1.416704379304524752e-01,-8.658168263605441339e-01,-5.739545832544380444e-01,-5.973126072930026176e-01
6.832953173077727627e+01,-1.158165258805182063e+01,-1.401130722705060272e+01,9.294523821264867536e+00,-6.151984963604522072e+00,5.882030349589691953e-01,-6.946425645239642233e-01,-2.830698465499986494e+00,5.740808680481869208e-01,-4.119308763331472334e-02,-4.316636186714414847e-01,-1.807662905093478489e+00,-2.338531644309111535e+00
6.714637916884021251e+01,-3.778334528205685494e+00,-9.109743339953720209e+00,1.075781884499969721e+01,-3.754411945311761478e+00,2.488899163891498123e+00,2.430650923196659097e+00,-1.753270804157486928e+00,9.544644971484063101e-01,-1.020302517129164865e+00,3.601451870530516519e-01,2.892460527828411010e-01,-7.709290749454330571e-01
7.663686392676815728e+01,1.149415269301859865e+01,-5.447887260913799601e+00,7.905311098437623585e+00,-2.714452225492032245e+00,2.140612300971104442e+00,1.639759676665667187e-01,-3.788656501520884401e+00,-6.401399748739752260e-01,-3.719080911630927577e+00,-3.818820501172619064e+00,-1.080845899481429478e-01,-1.489451924538411909e-01
8.073022242375601820e+01,1.595758650167239345e+01,-8.478570495747458580e+00,4.730758212050009348e+00,-5.605146526026467679e-01,1.190253741598962245e+00,-1.399131992204413866e+00,-2.802053624833802381e+00,1.013951726123816899e+00,-4.339835090358321601e+00,-3.907683122262763042e+00,3.505436792249329025e-01,-5.434695989946717321e-01
8.159109854438410991e+01,1.748140597857092615e+01,-9.830109629446958763e+00,2.554179531736071151e+00,7.419294665715189252e-01,1.150313469405082056e+00,-1.658266279679575961e+00,-3.269910787581471023e+00,2.773894534834838721e-01,-4.526743069096480276e+00,-4.153885390996204130e+00,1.356218960675891427e+00,-4.477055516772765476e-01
7.981935598148075428e+01,1.886285794399544358e+01,-8.496589372991531164e+00,4.443965261119918742e-01,8.718294671053242184e-02,1.934380309296208189e+00,-2.337351128057217675e+00,-3.703289917020256894e+00,7.540692662772863208e-01,-4.821020051128791728e+00,-3.630286209383225771e+00,2.356828392729778177e+00,-6.499875153438616771e-01
7.916471855053740114e+01,2.027418518419262838e+01,-6.431028084655481258e+00,-1.480706958319752742e+00,-1.519784301729514064e+00,4.291527563420427960e+00,-2.944652858809670093e+00,-4.165441994844300666e+00,1.811503473708748313e+00,-5.957227267025577255e+00,-3.336165000432776750e+00,2.722590161009009524e+00,-1.012089063158388980e+00
7.997721819385007791e+01,2.114843361494209972e+01,-5.857064236916440514e+00,-3.353868685536092187e+00,-3.320173741399659040e+00,4.353004755790632174e+00,-2.209495688013870751e+00,-4.017138284796129000e+00,1.561999177372639158e+00,-5.487077162675712216e+00,-4.127492291940305869e+00,2.425454746062059463e+00,2.600617115708618865e-01
8.004470564763330742e+01,2.204873160385124464e+01,-5.240882949344971564e+00,-4.676763455913255818e+00,-4.236680199557409487e+00,3.921388958647251233e+00,-1.920693656103480862e+00,-3.377866324773640905e+00,1.372133629332846549e+00,-5.095288551771720797e+00,-4.377494102793946240e+00,2.091948550607630963e+00,4.207895577165917667e-01
8.007668533293818314e+01,2.239953571411332334e+01,-4.424633465462851412e+00,-5.088947468318673728e+00,-4.193762912840678148e+00,3.887215807663819689e+00,-2.039344349434012216e+00,-3.547506079643908183e+00,8.494553925351342460e-01,-4.972085296546235433e+00,-4.077746831529573512e+00,1.188018929379859978e+00,9.564817481846951130e-01
7.980797468863977429e+01,2.324938137105759139e+01,-4.157411917465487328e+00,-5.922081665864005195e+00,-3.717953727748395831e+00,2.984221152532330112e+00,-2.228101836865893137e+00,-3.132717277416591450e+00,6.105965515798961185e-02,-4.481591860134265026e+00,-4.366587656746935941e+00,8.196109612427786573e-01,1.389400314681231707e+00
8.075502293569478240e+01,2.365571621402951763e+01,-4.287466992193148307e+00,-5.804358513358875094e+00,-4.168878845415003198e+00,2.773365878719124211e+00,-2.282420974870436492e+00,-2.907937485234497466e+00,1.574155296862823072e-01,-3.925591736539459475e+00,-5.017818127550407681e+00,6.713881124430414182e-01,1.789602712164507725e+00
8.067383474363262508e+01,2.417645817088492777e+01,-5.367217408321471872e+00,-5.443284774376511592e+00,-3.455019633264735823e+00,1.355435970051788841e+00,-1.845350291095874340e+00,-2.924101579544449159e+00,-1.159603962977147490e-01,-3.698014919120591326e+00,-4.931763817924352367e+00,1.058159743197363722e+00,1.786241370320006849e+00
8.115830442441180992e+01,2.375984847610144612e+01,-5.316311711068320456e+00,-5.388676781564811336e+00,-3.790285660528573519e+00,1.568515552401865021e+00,-2.204175267952324990e+00,-2.907208963773635357e+00,5.791111681907050723e-01,-3.943433291242907757e+00,-4.805264723181735143e+00,1.151547877892188820e+00,1.042550840782171973e+00
8.206067544756341192e+01,2.409398138525106958e+01,-5.766706887753279887e+00,-5.762935445723134542e+00,-4.195419197167731262e+00,2.547983555006884782e+00,-2.000406172383874193e+00,-3.722079338411985461e+00,1.455479879610561689e+00,-3.409913887368793972e+00,-4.772295579822949385e+00,1.124343427471859558e+00,7.517247298577903747e-01
8.387106151188596925e+01,2.322071914742505427e+01,-6.262191500256070853e+00,-5.814441598151168122e+00,-4.389991032171218777e+00,3.464357984133539681e+00,-1.894384717679864272e+00,-4.410593204632432318e+00,1.912369807650600384e+00,-3.154199855168800859e+00,-4.910362043039818047e+00,1.037292825951978914e+00,9.760528813269925275e-01
8.522084861274611001e+01,2.246972224903922211e+01,-7.697644533564846014e+00,-5.493405014938255171e+00,-4.380714921747070889e+00,4.459902134430955734e+00,-2.313294631681884983e+00,-5.178966131816418184e+00,2.588802806912852361e+00,-3.702427070808313569e+00,-5.227515704050538226e+00,2.430877099362394933e+00,4.104903600144600984e-01
8.635313115858988908e+01,2.091724725753520175e+01,-8.426417815719915438e+00,-4.485561892687233154e+00,-4.007284032280163721e+00,4.424736318603161855e+00,-3.141457807887954257e+00,-5.182357875490981591e+00,2.348220351599130673e+00,-3.439460869334608262e+00,-4.744276690875754987e+00,2.138949026500126749e+00,5.302587766669097924e-01
8.639399812601628525e+01,2.080609959687168953e+01,-9.474571458243726596e+00,-4.298373999751456509e+00,-2.382768892393134053e+00,3.100488984140398863e+00,-3.738588692109894751e+00,-4.823451082966397685e+00,2.156641900916923316e+00,-2.305786185861356863e+00,-5.648623899260978298e+00,2.328722229683014344e+00,5.725924890556481905e-01
8.724652078200648475e+01,2.057494343792963321e+01,-1.018498905212373984e+01,-4.124719560214118452e+00,-1.891372186585780879e+00,2.840479642463563437e+00,-3.310235121598090302e+00,-3.777995357307705415e+00,9.896371931799162747e-01,-3.352441366615204643e+00,-4.452314273346670959e+00,2.005491207397881226e+00,1.647515488440246534e+00
8.761609883924390374e+01,1.976926762815983096e+01,-1.094368030087544419e+01,-3.744218416292134588e+00,-1.817039548412332950e+00,3.314881052431160935e+00,-3.821067521158910463e+00,-3.235581127218924102e+00,7.321074730244024886e-01,-4.014228392590078798e+00,-3.709076728015723301e+00,1.823891646783869502e+00,1.446392575249915602e+00
8.642557234134059740e+01,1.928818882776462473e+01,-1.035664098310170367e+01,-3.400442238552692231e+00,-1.240556049334085031e+00,2.939393312070091913e+00,-3.776188774541564097e+00,-4.002026248218342630e+00,3.354632096732121371e-01,-3.687636625296326187e+00,-3.106284393252155329e+00,2.584245087323983281e+00,1.132587322859366141e+00
8.675229763432889740e+01,1.861070301673812111e+01,-1.114059581254118569e+01,-3.944156675504494558e+00,-1.782754923683162129e+00,2.843224503926006896e+00,-3.023311265115190327e+00,-3.350258185483542483e+00,4.153788834401287988e-01,-3.705032487363013605e+00,-3.600634376347273680e+00,2.073721121409984658e+00,9.480204330961188308e-01
8.599394531941017306e+01,1.752920658162503642e+01,-1.223209463504323580e+01,-3.579233456435120697e+00,-2.761315637194795780e+00,2.361941360067933537e+00,-2.439482034139399680e+00,-2.848942857163941245e+00,4.206458154796005600e-02,-3.334023700802364321e+00,-3.398656006570746513e+00,1.703369183179419322e+00,9.129152464628708108e-01
