5.134104842286593851e+01,-6.537360075527526959e+00,-9.370214120952887527e+00,9.656534656523003690e+00,-8.270569381855392699e-01,-2.620379989872177795e+00,-1.948513661580751899e+00,1.254405803537284481e+00,4.071643981643717325e+00,-5.913754266278339777e+00,-3.904060466430462339e-01,5.072330090417667137e+00,-3.978677197506764962e+00
5.767424361658047616e+01,-1.231179643962774506e+01,-1.068486931183966959e+01,1.390123468091705128e+01,-5.284587694472046238e+00,1.137194273003107714e+00,-3.665927163810867473e+00,1.543482019756120982e+00,5.333727579032919053e+00,-8.020492864346662643e+00,1.855424615488550755e+00,3.237299101607241880e+00,-2.719703509856675083e+00
6.261916139872247555e+01,-1.495922980891556087e+01,-1.015072828994197351e+01,1.520252809168889740e+01,-6.615208134173142795e+00,2.096003985369705003e+00,-3.480116834748220978e+00,2.479638204118566502e+00,4.710970282927495312e+00,-6.996506410057698133e+00,2.360612477681084176e+00,2.295002111378413368e+00,-1.833402159548976673e+00
6.675390874409569619e+01,-1.733327851655769436e+01,-1.084739616607346413e+01,1.585539328491686462e+01,-6.962959656865224112e+00,2.854140065797015513e+00,-5.338262179391897178e+00,3.437964597369737252e+00,3.385963616882298410e+00,-5.776252933240331622e+00,2.238438505093866659e+00,9.224850480614360526e-01,7.232747527056001546e-01
7.050045795222501965e+01,-2.047602789563921277e+01,-1.161947889608248374e+01,1.733491905530367205e+01,-6.022314012318115140e+00,2.483981072582531979e+00,-5.987494669324834540e+00,4.845080612204963444e+00,2.417788217380375748e+00,-5.262939563236322726e+00,1.671009116258117544e+00,2.382150843173174437e-01,1.339836139720362640e+00
7.196048831450704597e+01,-2.131813008046227509e+01,-1.182364950018230587e+01,1.607900175814324584e+01,-6.091518412376026426e+00,2.068972363080652688e+00,-5.830293906277335125e+00,5.116767014872054986e+00,1.257369121942787382e+00,-4.468412040540344243e+00,1.280548234725632506e+00,6.594315043129166387e-01,1.084081307697370544e+00
7.285421673121126673e+01,-2.211724315261489338e+01,-9.448141988486540299e+00,1.422459835829728902e+01,-5.906376836059725299e+00,2.542693099941403023e+00,-5.626588050710544131e+00,4.847817918799274040e+00,7.646847010164605773e-01,-3.995309183430824529e+00,5.591226224879463080e-01,5.371612301834693959e-01,1.292756768573590564e+00
6.947508268225131189e+01,-2.567925734707451468e+01,-1.043448793872598301e+01,1.505433270723605332e+01,-5.980166081101878639e+00,3.084849397046666830e+00,-6.666499674869172942e+00,5.920341937338196914e+00,1.035965128886053410e+00,-4.458907987121120797e+00,5.465127034392576466e-02,1.007445640348921811e+00,1.422703165200125630e+00
7.146690006297282594e+01,-2.146677750273313734e+01,-9.045986092744055185e+00,1.604738411735291947e+01,-6.834223326741061477e+00,2.412893946132541600e+00,-5.369011193490051070e+00,4.988717210535248192e+00,6.872800385674406876e-01,-4.124557129328172422e+00,1.590469882443842561e-02,8.203956601831161599e-01,1.179263701587134117e+00
7.377091351870996050e+01,-1.776829942325822742e+01,-1.164236114452325488e+01,1.537104723475108869e+01,-6.681270329644728889e+00,2.438899284557271674e+00,-6.412526331222687226e+00,1.455071821712507152e+00,2.674026944221660207e-01,-5.200373248545947291e+00,-1.094569613614546189e+00,1.141395000018023076e+00,2.051512054126892082e+00
7.370439443826579407e+01,-9.167896165160986044e+00,-1.089123815699587361e+01,1.439257839312823073e+01,-4.357501388800956832e+00,2.373332447522182420e+00,-5.537328923141659587e+00,1.797030167915687482e-01,-6.424724142465375598e-01,-5.883072918544814733e+00,-1.604243914138193602e-02,1.425525636645662564e+00,2.532557016605074374e+00
8.291040839394938189e+01,8.431761090439309214e+00,-6.975946119416386537e+00,8.953661265971879502e+00,-2.915800364101849063e+00,4.920828615589244670e+00,-5.405967827804464498e+00,-2.338456053221449782e+00,3.991109022810834239e-01,-6.807372343251249625e+00,-8.523899262730357806e-01,-1.325919019489875783e+00,1.108404423693893470e+00
8.460107403096363043e+01,1.458766369812824415e+01,-7.459687653798783735e+00,5.809244662096222811e+00,-1.969500301556323718e+00,4.699351470577440182e+00,-5.797332020381300133e+00,-3.195430865560448197e+00,2.132047379385555885e+00,-7.532320568704728103e+00,-2.457810588156871923e+00,1.405455160250813039e-02,1.706424219017299848e-01
8.149105388209642342e+01,1.750553820424847373e+01,-5.928753996539906979e+00,3.521965702630654338e+00,-1.449204343486843793e+00,3.312125309659899486e+00,-6.269792024663408903e+00,-2.410993206375589892e+00,3.192394600438766439e+00,-7.743717958956800373e+00,-2.764469114496495905e+00,2.740668391836789120e-01,-9.811851387563935711e-01
7.801911531078459916e+01,1.877174998395737049e+01,-4.575058423558166609e+00,1.196287981337143647e+00,-1.633589636744058771e+00,3.106278102993341950e+00,-5.144625816047111222e+00,-2.068901036457958753e+00,2.635916784241395749e+00,-7.549494466106184909e+00,-3.657181416107129213e+00,-8.848868386509979589e-02,-9.208925805614707194e-01
7.557109411321695802e+01,2.034293898229147146e+01,-3.165462006824660612e+00,-7.535310355380604730e-02,-9.522028814112191153e-01,1.485220773822724327e+00,-4.873815442788623109e+00,-2.014130246265145807e+00,2.612076416060398643e+00,-6.837398454565347450e+00,-3.713550855078029400e+00,-1.668700940123964416e-01,-1.808181443353038764e+00
7.334093810869902086e+01,2.178080527487393425e+01,-1.294287126624972029e+00,-7.337298851466410587e-01,-1.385910370391278512e+00,7.879945579549196832e-01,-4.711011730208666926e+00,-1.058460215432520446e+00,1.647334621414738853e+00,-6.149573683919763667e+00,-3.462229194281138511e+00,8.680892064717458945e-02,-1.589786118527739323e+00
7.189781139739628202e+01,2.312525377648368874e+01,-3.216899422705261635e-01,-7.704544718064978426e-01,-1.224458966051651831e+00,-2.257242222860026126e-01,-3.570222016838213719e+00,-6.990019691810215319e-01,2.143757734471554988e-01,-5.358566054328181671e+00,-2.777102081515401721e+00,5.117941350456074456e-01,-1.887594302494512988e+00
7.153248097212107837e+01,2.276107453019318072e+01,3.189485367394621629e-01,-7.371936252008701729e-01,-8.181780682757118228e-01,-1.285383826201790924e+00,-3.887963851928575298e+00,-1.065839740961979309e+00,3.059092280567956013e-01,-4.794421683595953887e+00,-2.435760392537099417e+00,2.136604553434892292e-02,-1.495225281641622939e+00
7.205598587672595556e+01,2.333460223650749654e+01,-4.666067593281442716e-01,-9.597562003796751284e-01,-7.605884904114279532e-01,-1.568187862426938528e+00,-4.502408546523667177e+00,-9.860419190697895520e-01,1.111884578457413175e+00,-4.417850879967736510e+00,-2.941667799448469456e+00,1.423787425696032838e-01,-1.266051553301812627e+00
7.324245697061765270e+01,2.312215651543385420e+01,-1.337234389855105121e+00,-9.265785334361641423e-01,-6.387155564256135065e-01,-2.137320550129616858e+00,-4.608737754478423376e+00,-5.777015343907193623e-01,9.899389063883893281e-01,-4.372241104438381321e+00,-2.848278190138558763e+00,6.378037016153997874e-01,-2.237729288744868317e+00
7.379860186823533752e+01,2.364828436240219744e+01,-1.928393598888149096e+00,-1.567328327760076023e+00,-2.395779924610473011e-01,-2.347916090789288202e+00,-4.034724786838688182e+00,-7.230309336987756907e-01,1.199099751863989399e-01,-3.592500050726742611e+00,-2.311534080249168621e+00,1.035206287824889382e-01,-1.631140094011613195e+00
7.487693711799759910e+01,2.417700594343271092e+01,-2.929548407318715686e+00,-3.216030288843576557e+00,-3.592072540907575440e-01,-1.757585689946472796e+00,-3.904461873562944607e+00,-1.221514825204041754e+00,-4.308761618773952057e-02,-3.348269764211991628e+00,-2.393203022248376222e+00,2.592142865631947846e-01,-1.944729607961808826e+00
7.622817593052390350e+01,2.457148549428271167e+01,-4.765055180162030446e+00,-3.667849487338999293e+00,-4.563622887813175155e-01,-2.111921085653902352e+00,-3.423151677413383887e+00,-1.142987877412666942e+00,2.593580206948083999e-01,-3.835687134409290433e+00,-2.890305790911865458e+00,3.072198314477703751e-01,-2.439200043670986862e+00
7.609153356834403326e+01,2.472177321374181602e+01,-4.441353848898183188e+00,-4.075303403243834666e+00,1.838751401940618702e-01,-1.245193332257761964e+00,-4.416629610038347309e+00,-1.289280492619111484e+00,6.482571953933161657e-01,-3.535965105965449329e+00,-3.213890093605688669e+00,1.179780082139838981e+00,-1.736472208087275648e+00
7.535963146886267339e+01,2.415229731386210688e+01,-3.673505305777848839e+00,-4.203409835680609774e+00,-1.357829904797664133e-01,-6.566240440463844141e-01,-4.438299302638702315e+00,-1.408826722249394425e+00,5.696762362807213931e-01,-4.066821689391671768e+00,-2.579639343872972113e+00,1.592534106093304258e+00,-1.019774865288462395e+00
7.479541150818531037e+01,2.411923953643913521e+01,-4.565147803147126204e+00,-5.264412200064333192e+00,6.308364277000895193e-01,-6.023578274246959019e-01,-4.983022503169265427e+00,-1.508328724227213868e+00,5.399893206514944088e-01,-3.576330856857555585e+00,-3.069193496486917638e+00,1.790025766879413727e+00,-8.032799354273522097e-01
7.339103844060812776e+01,2.352491711404861974e+01,-5.231029183105676772e+00,-5.462769555796032073e+00,8.754371861235686891e-01,-1.152613636898337290e+00,-5.571412652354030826e+00,-1.802753387999679990e+00,6.120116790076897129e-01,-3.462396770779928357e+00,-2.718345466910535801e+00,1.721920014214061601e+00,-7.259127099880217093e-01
7.497401702589567662e+01,2.261701510772243751e+01,-6.435041700795107289e+00,-5.767536417614226529e+00,-8.912990217323692177e-02,-6.573817337773951719e-01,-3.928890607048594052e+00,-2.051711320952960715e+00,4.954303917483312419e-02,-4.176721569380917209e+00,-2.976947677019563976e+00,2.501235335856786257e+00,-3.022164623693383567e-01
7.440045374343630158e+01,2.302946929445548818e+01,-6.984973660174928156e+00,-6.999619000814996106e+00,-3.037305547223873581e-01,-2.072311635705837984e-01,-3.037366891503013644e+00,-1.902683108557936098e+00,-6.402997881211154318e-01,-5.277379974329839740e+00,-4.181301301127612113e+00,2.408371332938770593e+00,-4.450605275401056105e-01
7.388271635900619572e+01,2.187141985073171213e+01,-6.840907438356867765e+00,-5.832722865315049354e+00,1.239619481324526706e+00,-6.750803511833033399e-01,-3.606719731502427972e+00,-1.381676626002988240e+00,-2.025834005876841815e+00,-5.651274890937154183e+00,-3.601682145967835869e+00,2.140199144033181344e+00,-1.833623956702195301e-01
7.244061326074171347e+01,2.090420766087914828e+01,-6.391283748404672060e+00,-5.753454128917980803e+00,1.393514226633596031e+00,1.065709312911973017e+00,-3.153589635366362387e+00,-1.196773565705548270e+00,-1.763524888627900022e+00,-6.762615106874554805e+00,-3.688214137605325238e+00,1.996350102736468068e+00,-8.294280154994359000e-01
6.958794822274857950e+01,1.967274369893670993e+01,-5.483896902153382769e+00,-4.979853817187708920e+00,1.224721414269535069e+00,5.301686582497219247e-01,-3.632364830481045193e+00,-2.301888057435837354e+00,-2.564807722335118001e+00,-5.173377557650315595e+00,-2.340261192249249778e+00,1.851664207676245288e+00,3.932731682145401003e-02
6.804267530268218422e+01,1.800239932461755643e+01,-4.697191077892026279e+00,-4.732439293401811575e+00,-3.074185346403715546e-01,1.579051976570630567e+00,-2.347276411317017253e+00,-3.019473179427233145e+00,-3.203733743051802474e+00,-4.896809540775724834e+00,-2.746418331203422714e+00,1.775779131119408216e-01,-4.964367478321521920e-01
6.912751118107239279e+01,1.714853582089257600e+01,-5.712804937897655755e+00,-3.614280731009443137e+00,4.878313614551781363e-01,3.087736240411341981e+00,-1.319815234728611619e+00,-2.362436860140277872e+00,-2.194963024923356709e+00,-4.616702324971910798e+00,-2.093006160178616071e+00,1.491380923033027717e-01,2.302655069073303307e-01
