6.109506351458534823e+01,-1.369007694635619643e+01,-1.218644882878334101e+01,1.508265668007964955e+01,-4.677044960530363227e+00,5.598792505110034012e-01,-9.875330888091481407e-01,1.508232693633052790e+00,5.576934817994865234e+00,-7.444446438283979894e+00,5.636238479120501133e-01,3.290507108809625159e+00,-2.994077493484621488e+00
6.521939239110808728e+01,-1.708233089726915210e+01,-1.157134241885713699e+01,1.603498961506462095e+01,-6.402381158680058526e+00,8.865751890608186692e-01,-3.245381753923008983e+00,1.435147941668201366e+00,5.020061018096850347e+00,-6.273642590103079009e+00,1.194274943606531657e-02,2.662360944704847299e+00,-2.029100915969171415e-01
6.700427393701944823e+01,-1.759248713329517244e+01,-1.260832264183370022e+01,1.714078880669814708e+01,-6.433626948182885386e+00,1.368061793771329526e+00,-3.471075508976604329e+00,1.966472274555943089e+00,5.183058345824111512e+00,-6.051209764725545170e+00,1.029512278544856940e+00,1.641654436403177764e+00,-9.365670420046806610e-01
7.120294286407667528e+01,-1.914844967876050319e+01,-1.049968763794491977e+01,1.600183664675531858e+01,-6.492644095780232938e+00,2.245201310849175957e+00,-5.142032830909834651e+00,3.952506125475705012e+00,4.155563952400127548e+00,-5.271476482569445565e+00,1.007664494318130544e+00,1.226779820310857527e+00,8.424055273891937201e-01
7.121385619973655423e+01,-2.140759841039308498e+01,-1.022302006547319309e+01,1.649189762296955664e+01,-5.727760773047114284e+00,2.557512646786785027e+00,-5.736658073617554976e+00,4.581331339147630466e+00,2.366962497719076186e+00,-4.672441411828926583e+00,1.125416313929108902e+00,2.746543112023839273e-01,5.127021875627084668e-01
7.761447170115120286e+01,-1.755652928678757974e+01,-8.936206080013644026e+00,1.534590297765343792e+01,-7.276162486495270976e+00,2.758929987850406995e+00,-5.701095170872513940e+00,4.274091139227524039e+00,1.592570072977534723e+00,-4.147723947536323230e+00,5.735477437563105685e-01,9.448272074357932926e-01,1.211440719197172999e+00
7.846518508184622931e+01,-1.789814733288357473e+01,-8.652165115552039154e+00,1.497958238280722298e+01,-6.417628613328804299e+00,2.443819006528020754e+00,-5.954191001459459009e+00,5.039550366615677568e+00,1.507399123247474604e+00,-3.814445986809857025e+00,7.085279977213647662e-01,6.073450325122976556e-01,1.199085600551616837e+00
7.898906371325614373e+01,-1.846609978049901457e+01,-9.812380614953898572e+00,1.548783079306103794e+01,-7.058236007576387472e+00,2.511755690682891728e+00,-6.186178182959276128e+00,4.755881816596355449e+00,1.053820823667223960e+00,-2.811757521164631513e+00,-7.215033227217787504e-01,1.072123197348733958e+00,1.228713967082693426e+00
7.940689688479974961e+01,-1.711121418532096428e+01,-9.956296538050935396e+00,1.435209024359909691e+01,-6.283635172440773964e+00,3.108500590276805475e+00,-5.890053709147595740e+00,3.223874745389091689e+00,2.491180130942376447e+00,-3.071280558171161079e+00,-6.622098902740619630e-01,1.030312145833887083e+00,1.009033676178814565e+00
7.726863695170546009e+01,-1.574344271862834255e+01,-1.335114470354683469e+01,1.418310873844277431e+01,-5.380984288549149674e+00,3.553535508388662834e+00,-5.405350257364371025e+00,2.501143137810382555e+00,2.551216570501168679e+00,-2.739685199922210046e+00,-5.215105985198166261e-01,5.105396479857398084e-01,1.766792547020675508e-01
7.498052668074703320e+01,-1.199838294031265917e+01,-1.213077981359105806e+01,1.484190339896458788e+01,-4.453756229855584614e+00,9.850082722999451423e-01,-7.269338254645352215e+00,-1.440946276045445007e+00,-5.345932560612923767e-01,-5.321469377401771617e+00,-1.043011312432868820e+00,3.818085772425076629e-01,1.232561570335279466e+00
7.455164508411648683e+01,-8.682225503632645669e-01,-5.309315080507525764e+00,1.473102379540047302e+01,-3.252762012827568494e+00,2.119361825526107523e+00,-6.572351637393706092e+00,-2.685687204333332190e+00,1.871941306141190031e+00,-5.394824017837160035e+00,-1.002642047603188313e+00,3.227925187191481582e-01,2.484804714020373562e-02
8.574182881071024553e+01,1.303289121141588502e+01,-8.366844402312683115e+00,6.620089800703872207e+00,-2.737300036695136551e+00,3.988421275150588752e+00,-5.419665608678401192e+00,-3.335578537933476806e+00,2.712469800698115385e+00,-6.714300959597274243e+00,-2.567606054254627068e+00,-2.446195429525588050e-01,-4.055895836230700713e-01
8.385661740315076429e+01,1.655035096890188839e+01,-7.929898123646994534e+00,4.930036137078770864e+00,-2.458486393641791334e+00,3.130378731792272884e+00,-5.309432371474049006e+00,-3.162608916551707505e+00,3.042452255851525234e+00,-6.786242812275522951e+00,-2.428296512544744878e+00,3.598615042253108798e-01,-1.040179671023392816e+00
8.156441992158255516e+01,1.780435253813480756e+01,-5.609569838054306423e+00,2.633605581934261419e+00,-2.942878058288468601e+00,3.680611720859924940e+00,-5.379522990172610264e+00,-3.242566472676657874e+00,3.427128997875495298e+00,-6.755674645619117236e+00,-2.452375603664354919e+00,5.271801813551052485e-01,-1.118425052787168639e+00
7.927259488001863019e+01,1.917919814090199537e+01,-3.580995689067287824e+00,7.816348782466654432e-01,-3.303090616785299805e+00,3.329088371959586734e+00,-5.136174613648795351e+00,-2.499797018496558110e+00,3.338505616140925003e+00,-6.678922561601955188e+00,-2.638206207823467597e+00,1.824749795469694791e-01,-8.080954445635396555e-01
7.664334726628969463e+01,2.044489528799595135e+01,-2.145995356017643907e+00,-2.441635390523352045e-01,-4.179348035000074013e+00,1.524782084020405826e+00,-4.764112122929321735e+00,-2.436333393891192856e+00,3.147109393999656390e+00,-6.202757254264882114e+00,-2.697750826225157272e+00,-1.338702140005084036e-02,-1.172723176125247235e+00
7.461779729895431501e+01,2.204546192028708873e+01,-1.082718247287581148e+00,-2.004057301270947722e+00,-3.584420201516127502e+00,5.217578731797607450e-01,-4.390489110418846153e+00,-2.284684732946061558e+00,2.047372776253269411e+00,-4.366034115780390579e+00,-2.672311493190251408e+00,-9.873284714212417212e-02,-1.866216593837148219e+00
7.300185007906191004e+01,2.290434971992158708e+01,4.674501869959539202e-01,-2.843189453363693886e+00,-3.251181656732958114e+00,1.878957916600973999e-01,-4.253911387934014243e+00,-2.607283007958040244e+00,8.506089927636391046e-01,-2.731391538631420257e+00,-1.553045235863349527e+00,-4.695446588822316247e-01,-1.333389991670768993e+00
7.195097525992619580e+01,2.346001148421538929e+01,7.535000677197902785e-01,-3.028629286641012719e+00,-4.043175789220008198e+00,-1.039674640431894836e+00,-3.129949397737794126e+00,-2.715203151899090450e+00,-1.487971293623344300e-02,-2.058001378402710024e+00,-1.318911707102913278e+00,-3.953053305564613318e-01,-1.738611619751402992e+00
7.116336645039299924e+01,2.338151974179531933e+01,8.979537560691279729e-01,-2.932131809202474848e+00,-3.752076642610966406e+00,-2.015972503644496427e+00,-3.367038671817168538e+00,-3.101045563262550875e+00,-1.129309977989690905e-01,-1.110809040333654796e+00,-1.424623414701063018e+00,-8.382629028831963813e-01,-1.267206978334447953e+00
7.171908610457604993e+01,2.296105845425431369e+01,6.604939495176639364e-01,-1.998158591218976543e+00,-3.405474428710813406e+00,-2.775602486111160339e+00,-3.554783551257202134e+00,-2.695581141400965830e+00,-1.357983067831077528e-01,-9.967114875587960166e-01,-1.349383821337993172e+00,-8.373699971209398463e-01,-1.538475000159906569e+00
7.108835496279387201e+01,2.388702945637906083e+01,1.836901019063332530e-01,-3.114026079223259469e+00,-2.857861869948005840e+00,-3.018464452733411019e+00,-3.265814401245699106e+00,-2.401396384770758452e+00,-5.677690518237035189e-01,-1.786901174163596062e+00,-1.041056772234638883e+00,-1.247649337121884139e-01,-1.650985085665629848e+00
7.144710932544154502e+01,2.320761666268332135e+01,4.085727053544071508e-01,-3.137143304652254994e+00,-3.309784074619153138e+00,-2.535467421261806020e+00,-4.017163719289141177e+00,-2.362460268978746836e+00,3.858705255970008574e-01,-1.079903726637431616e+00,-2.458244290207874272e+00,-1.377712813512203427e+00,-1.341502931055974734e+00
7.251041040431870499e+01,2.386009098307227916e+01,-6.445842897733965460e-01,-3.447911570265281167e+00,-2.745531885968055086e+00,-2.763879092806346360e+00,-4.538183145008092723e+00,-2.098247638663573333e+00,9.183639406375704306e-01,-1.128533559492265859e+00,-3.252144762923476762e+00,-1.090812623178220919e+00,-9.795042270888164593e-01
7.329646375980192374e+01,2.451287859862071628e+01,-1.426309956399110845e+00,-4.692807868908437818e+00,-2.935107126605990491e+00,-2.009015802699760211e+00,-4.741951723381062855e+00,-2.065674866890601091e+00,9.671299004890985263e-01,-1.577209285474268086e+00,-3.187022441440135356e+00,-1.768236916606113818e+00,9.205887091777728570e-02
7.438223497650608351e+01,2.492575039443897822e+01,-2.182599122660729307e+00,-6.540213645600012171e+00,-2.562700250049838591e+00,-9.505284549254037207e-01,-3.784691059432195637e+00,-2.587670949676298626e+00,1.176341800255640696e-01,-6.705892537144840793e-01,-3.106023094352366787e+00,-1.877635940106000545e+00,-7.693288650558435804e-02
7.340039943999022398e+01,2.476451879183405325e+01,-2.829954458075446322e+00,-6.357687301470249075e+00,-1.404693886133543845e+00,-9.017940653151728103e-01,-3.744543614558608180e+00,-2.626100826784163011e+00,-2.407526713498375770e-01,-1.557319865369966028e+00,-2.752167722759856883e+00,-2.270862905013669164e-01,-1.489914963835062556e-01
7.320530626970762000e+01,2.398235657342389970e+01,-3.605524535941238895e+00,-5.636023556769017340e+00,2.717919870182587405e-01,3.265681085823564644e-01,-4.648267658233521615e+00,-2.676146589517532703e+00,6.521029187018253515e-01,-1.997316810630509698e+00,-2.638471665201081340e+00,9.089611495336170910e-02,-7.090104950090506120e-02
7.393733851948752545e+01,2.364581063656680371e+01,-4.452695020109120883e+00,-6.882630368020647538e+00,4.430661280704037419e-01,1.702291174335058832e-01,-4.961176721037517723e+00,-2.170351958774148660e+00,8.929733548749301253e-01,-2.701983517965275805e+00,-3.808017496378949041e+00,9.533515188060172063e-01,2.478658227751939225e-01
7.392143149632261157e+01,2.308257870355597063e+01,-5.596945308185879320e+00,-7.022752396974524913e+00,1.209266141547149509e+00,1.412972456643055930e+00,-4.448066550636450067e+00,-2.223013408427235937e+00,-5.886242363724026871e-01,-3.350327010055337951e+00,-3.131403228303751618e+00,1.611537330062601026e+00,1.292372348918272795e+00
7.372281069955440103e+01,2.225614775099348819e+01,-6.275778635041087128e+00,-6.649829875412329727e+00,8.385643122916131009e-01,1.944391753795467581e+00,-3.913315055793260111e+00,-2.441068668922621754e+00,-1.429573284720869975e+00,-4.450084287862190457e+00,-3.059386915964223075e+00,1.201072912236005763e+00,1.440688449157326412e+00
7.381614900748694197e+01,2.026265398541962881e+01,-7.749076729361472182e+00,-6.986660892096172581e+00,1.427484961621433124e+00,1.209915123200124620e+00,-6.165436062681320273e+00,-3.333094237468424037e+00,-1.815965051905300554e+00,-6.314846162627379300e+00,-3.935570299089924173e+00,1.885258436942870874e+00,2.862174040625602434e-01
