3.038954879998912517e+01,-1.924046974142298749e+00,-5.759269445012545896e-01,-1.194655072263573370e+00,1.143643395579050370e+00,4.380581448065989925e-02,3.909750415892602193e-01,3.362903662454372333e-01,-4.973918637621837363e-02,-1.293290367151685327e+00,-2.319501802592036643e+00,-1.536527128805515119e+00,-2.184895723925289468e-01
7.071328880639072167e+01,1.568958175078926764e+01,3.946074690427562093e+00,1.452290634517974244e+00,-1.678784176184119903e-01,-1.439487999611176683e+00,-4.360418416350801074e+00,-4.120289504039571504e+00,1.678322565996939408e+00,1.898549564839435488e+00,-1.489371168055795058e+00,-1.302941868107483803e+00,-6.245862876852021905e-01
7.661559991064216035e+01,2.151667384642824032e+01,-3.578250326830205275e+00,5.767301243163457380e-01,-9.028931444227805692e-01,-4.810382964393937755e-01,-7.230001246401338122e+00,-5.149026818633095637e+00,4.710773903336799684e+00,1.385869484100795246e+00,-3.180849324420228719e+00,-1.543065387294234370e+00,-1.029689803907687939e-01
8.005103363207244627e+01,2.196838278733489247e+01,-5.900684472486716459e+00,-7.682587928194076765e-01,-6.521612161266047807e-03,-1.084338976428430579e+00,-7.966707154288216408e+00,-4.712498065475650755e+00,3.473659130987323262e+00,4.556357524263332515e-01,-2.690520704106226013e+00,-4.962825115522607675e-03,5.175204026732215662e-02
8.378113947213130075e+01,2.157352257042794363e+01,-7.277982071757906901e+00,-1.561263945219712346e+00,2.409520916807014190e-01,-7.511932205687007480e-01,-8.905532664469593129e+00,-3.551796400614042781e+00,4.546869895053616162e+00,-7.977440409365470497e-01,-1.357242643107590352e+00,3.221502349635327334e-01,-5.303804460297883994e-01
8.624772428141433522e+01,2.217200761720766167e+01,-9.536486527936661517e+00,-1.281243371652051932e+00,5.913037056154807347e-02,-1.547785014829569539e+00,-8.989333094293247228e+00,-3.333363993029129446e+00,5.090483264282054776e+00,-4.307578218642836854e-01,-2.651853418560372599e+00,1.242036686690230374e+00,2.790532292090747712e-01
8.771715269248736035e+01,2.178060270507753415e+01,-1.031637462803930916e+01,-1.710709942293856090e+00,5.495652624775230199e-01,-3.333064018822069041e+00,-8.809238180567591670e+00,-2.369707973195697814e+00,3.866319466908470392e+00,8.502965328362247499e-01,-2.633377903451167512e+00,1.023598745598118587e+00,5.801639362935632205e-01
8.691865584396182953e+01,2.275889903741623144e+01,-1.027575155452592170e+01,-2.774255344317507088e+00,1.061828987796970436e+00,-2.814786845324125597e+00,-1.052752543250785244e+01,-4.772851169054307952e-01,4.128622568908585144e+00,-8.221160193245001802e-01,-9.328390490998413886e-01,6.075865776731130818e-01,3.986153649511535446e-02
8.842950214579610702e+01,2.167844282064842432e+01,-1.018343690961598824e+01,-2.429107595034822875e+00,1.939318002514228145e-01,-1.533871398462037350e+00,-1.141262563794818341e+01,-1.979084240191415767e-01,4.128402496504411268e+00,-1.233847954717625983e+00,8.857810551914044317e-02,-2.482177290330985497e-01,-1.508308114026961633e-01
9.040770388962923221e+01,2.030018349213081308e+01,-1.099488124939739819e+01,-1.813903895406619560e+00,-6.322592698996363225e-01,-5.420326955985185213e-01,-1.140829038481293090e+01,-6.772545745890213853e-01,5.305653391623646797e+00,-1.837920307876056203e+00,9.031979206070223087e-01,-8.689624538895230899e-01,-9.407925545435306125e-01
8.967794003089655064e+01,2.033688603677195772e+01,-1.133858572337988768e+01,-1.796808263208234280e+00,-1.529035647861506364e+00,-5.877602452350316753e-01,-1.162614493085155232e+01,-9.180922784871684561e-01,6.309805138345896403e+00,-1.573313433885101587e+00,6.781536616589946276e-02,-1.928961572701995753e+00,-4.997573950207804816e-01
9.034369654669437466e+01,1.891562541758393579e+01,-1.136353539761400278e+01,-1.209757892129178725e+00,-1.185588160151115789e+00,-1.304052278832885436e+00,-1.128752573704665885e+01,-5.613162465869381279e-01,6.298476425620254560e+00,-5.670980678003266773e-01,8.001933542735485405e-01,-2.064171449123550328e+00,-1.439457633389719771e+00
9.014919381641932716e+01,1.830988632285191997e+01,-1.099595902336313102e+01,-1.385231390320559752e+00,-2.271524334199467088e+00,-1.761603694997375458e+00,-1.179199691730545929e+01,-7.348531844694695669e-01,6.780552490526924103e+00,-1.937904540136437537e-01,4.888344440976002403e-01,-1.701890136015604904e+00,-1.197929486113043840e+00
9.026668201332702779e+01,1.829344684607734095e+01,-1.125166407663726709e+01,-2.670299399590435385e+00,-2.490768346104027753e+00,-2.335467306581076485e+00,-1.173896065230126418e+01,-1.881081910822956227e-01,6.589787290940178899e+00,-7.563235340056249090e-01,9.829347535838602878e-01,-6.596805145571777995e-01,-1.029668489751590421e+00
8.769144773641407653e+01,1.695730049906594772e+01,-1.213727740487584228e+01,-2.269367661759693622e+00,-2.269993030534688483e+00,-2.375294897982680453e+00,-1.297918027455388490e+01,-1.165025502735433705e+00,5.209685309326703262e+00,-1.133182212957126289e+00,5.235441815831274326e-01,-1.926951273582511837e+00,-1.581508474988190693e+00
8.571249783092277141e+01,1.681134552572941132e+01,-1.142261754469456747e+01,-2.065237904731386021e+00,-1.277675515358242198e+00,-1.753456970095790934e+00,-1.364305713835939216e+01,-1.928729133344530000e-01,5.114398539089966000e+00,-1.887418621579939115e+00,2.289964987303903798e-01,-1.764528368745641007e+00,-4.079200936171128999e-01
8.482364728373082130e+01,1.495838859507827223e+01,-1.218235905500498006e+01,-2.565591114833685182e+00,-2.631251521755372469e+00,-2.719642364671012391e+00,-1.389964340126063469e+01,-7.142265409021930633e-02,6.663665382990692443e+00,-1.308459758484808999e+00,7.974559594275176799e-01,-1.564604766750002929e+00,-1.985118076741790860e-01
7.947334202481147258e+01,1.470892530574137247e+01,-9.972394565201637917e+00,-1.168982093118920984e+00,-2.233847852475943974e+00,-3.635889742208222586e+00,-1.241285032674906574e+01,5.752064970578091296e-01,6.539473313295648182e+00,-2.111651108207800998e-01,-9.149196726001880553e-02,-2.121921235314074394e+00,-8.323230023271440681e-01
7.788282852112240562e+01,1.465988965717583170e+01,-1.031676044793492864e+01,-1.405535088486107753e+00,-1.056661870510578138e+00,-4.389811233593377438e+00,-1.195638747769809207e+01,8.045696115636787882e-01,7.808807487773967715e+00,1.430399933982995642e-01,1.186915494684405381e+00,-3.021271947880061481e-01,-3.755506334299710258e-01
