4.803492892235711764e+01,-6.958408827317987821e+00,-9.286426557342460697e+00,-1.299763436514873582e+00,-3.780043241514988495e+00,2.934718088678676118e+00,3.370494631711637545e+00,1.004884965567838684e+00,-2.383392026311377532e-01,-2.483119839699058140e+00,-3.194845652240526412e+00,-9.137194148570199070e-01,4.175197457082590602e-01
5.180580474040149852e+01,-6.352455285613221925e+00,-8.950813592202267799e+00,2.081090855420844876e-01,-3.532892188205894346e+00,2.154610875616604915e+00,2.363711035656689496e+00,7.269706990928499479e-01,-3.293060610145644510e-03,-1.347473656461157132e+00,-1.742447208112120949e+00,1.665883196103430941e-01,5.158660408166522160e-01
5.326226412997698390e+01,-7.618090009312247446e+00,-9.882402172788639305e+00,1.121429347073865213e+00,-4.199076232627522387e+00,3.094691446222152642e+00,3.768051861499548405e+00,-6.153637692015223593e-01,-1.354515659340176148e+00,-1.358532217718949386e+00,-8.208795219418015821e-01,8.315555605308819764e-01,1.010288202818325765e+00
5.199806354130706154e+01,-7.376975139074720467e+00,-9.525910756055120387e+00,1.133434128157408294e+00,-4.436913382487166047e+00,3.663051793564093384e+00,4.152237312185226514e+00,-4.796776531033811186e-01,-1.277076577054898410e+00,-1.485803140054771543e+00,-1.933878190442711364e+00,8.343313354468644416e-01,1.121201660360669150e+00
5.202745910414298436e+01,-6.521680240958724895e+00,-9.980254028944877120e+00,-5.482312992729497791e-01,-4.138006071731853197e+00,2.733684050925395237e+00,2.562084615882606720e+00,-1.150593623092676931e-01,1.052853343257770802e-01,3.430726755705079123e-01,-9.861516152724447704e-01,2.739255481662402625e-01,-6.858116607301749657e-01
4.955224687367763181e+01,-7.720361202318806626e+00,-9.200173649752631633e+00,-1.183484560596834489e+00,-5.343441498812554258e+00,1.943675448084210666e+00,1.337833844888695278e+00,2.100350452833007475e-01,1.282207324975980500e-01,-7.668971238605297724e-01,-1.831237262476887562e+00,6.720304482341833696e-02,9.285625390937678469e-01
4.892223499483337434e+01,-5.603997307577077258e+00,-7.644493931896675143e+00,1.300441360562806681e+00,-3.876638270802115205e+00,2.299892381395874263e+00,1.722037992426806996e+00,-1.738568005351434298e+00,-8.644373041639935584e-01,-1.489065831843908061e+00,-2.426148011477375022e+00,-1.142109245419508978e+00,8.722022056705159843e-01
4.556806290276070825e+01,-3.943961633520859600e+00,-7.383613756008693407e+00,7.359402340289610267e-01,-2.335318074886363782e+00,1.401822040050866969e+00,2.720847834397187359e+00,1.545315805408936927e-01,-1.877246102553380980e-01,-1.442910246394571105e+00,-3.035246168087426977e+00,-1.238582854129481658e+00,5.511434562803709802e-01
4.606046616685920014e+01,2.092904161626603088e+00,-2.417869393509011200e+00,2.768330897875461716e+00,-4.147118800611241385e-01,3.024334833716190718e-01,-1.973306538870442661e-01,-1.393443252044488823e+00,-1.537682534304245507e+00,-2.240732031331924556e+00,-1.691406491164186177e+00,-1.072922637467087936e+00,-4.171087506421387037e-01
5.796974266989246161e+01,1.784908748376691534e+01,5.475684152912219993e+00,2.604893385038745901e+00,-4.818619740963255849e-01,-2.584396045019107468e+00,-6.003801048630486470e+00,-4.115464551808591942e+00,1.930218459305238499e+00,1.481267885257336214e+00,3.664251000833893546e-01,-5.549652149339473484e-01,-2.218685826388958393e+00
6.747566753439285492e+01,2.099409960110114426e+01,1.995544845406881929e-01,4.218859494203567873e-01,7.480582358041123481e-01,-1.904049502238944092e+00,-1.003659405064387755e+01,-4.069738576013646636e+00,6.239976311151658628e+00,2.074141599534600200e+00,-1.081546829401908383e+00,-2.020065610802123324e+00,-8.946914417840212685e-01
7.045425280833580928e+01,2.299846067052583720e+01,-2.841080603317991393e+00,-2.359952610173906784e+00,2.136039128079037397e+00,-2.587147909096041420e+00,-1.095950179520448842e+01,-3.509304928062568774e+00,5.355221678643519390e+00,2.615955039420913675e+00,-1.609871422471273350e+00,-1.886329448517186425e+00,-1.256367485164773812e-01
7.367252475462139216e+01,2.216525443312026056e+01,-4.051710112511266004e+00,-2.461045575769309490e+00,1.938246425430415254e+00,-2.768141105742998320e+00,-1.189878222267156538e+01,-3.055198749631070410e+00,5.076001949387733525e+00,2.401559061689976016e+00,-8.811842021224557397e-01,-2.701118723882698358e+00,2.610041353593748892e-01
7.345716714198776742e+01,2.336033708263922293e+01,-5.190538528777562277e+00,-3.586867419556749592e+00,2.458276519108602898e+00,-3.161351231885773938e+00,-1.267029054024824930e+01,-3.268549965969753224e+00,5.163938039289800663e+00,2.331926951074739129e+00,-1.170082051436359682e+00,-2.517702508602953859e+00,-4.711618869670741727e-01
7.582762795135268163e+01,2.093487499991545775e+01,-5.982643308958080830e+00,-3.098880551134069794e+00,1.738589579488439618e+00,-3.478674233882853351e+00,-1.435157931072864912e+01,-1.239115158898324021e+00,4.116264780834618442e+00,1.924936306376795692e+00,-4.581125477966609127e-02,-3.736577472662352850e+00,-8.885539295502095647e-02
7.697395151443765826e+01,2.124193370794129976e+01,-7.069143897878904959e+00,-3.651737200332034305e+00,2.801056602375098681e+00,-3.581625460675326611e+00,-1.477180140856743229e+01,-5.416663078846337132e-02,4.715975230341678426e+00,8.861908586955292710e-01,5.346350693049604086e-01,-3.012044135257118782e+00,-6.158498227102406908e-01
7.773704801368626249e+01,2.116784680130351504e+01,-7.824808268454068738e+00,-2.969789363392114634e+00,2.456157110606183025e+00,-4.168996391614950170e+00,-1.375319099288802427e+01,-4.514274582984279666e-02,5.250551014138622463e+00,3.463187223343918708e-01,3.676728563507026259e-01,-2.094468936480193832e+00,-9.969251692120334463e-01
7.935852452105986288e+01,2.092270213442048288e+01,-8.306308740707253335e+00,-2.438180273349449312e+00,1.631069832801461006e+00,-3.283654289868910059e+00,-1.388555458782345831e+01,-5.551881290404187680e-02,6.952926844463094724e+00,-1.400487832339997851e+00,8.740506080227441466e-01,-2.126894349974444154e+00,-1.400126097916130963e+00
8.046353076755521272e+01,1.918232079763009779e+01,-8.375000103682193497e+00,-2.563015768499166569e+00,6.607662690158399021e-01,-2.431180299813718637e+00,-1.499550711154439497e+01,-2.063439566307357365e-01,7.401807581761624455e+00,-2.099579491146192911e+00,4.298745231729652061e-01,-1.845687987337652380e+00,-1.907888512241101786e+00
8.088827619086417542e+01,1.787119405689679397e+01,-8.219686999057126187e+00,-1.929501030719999344e+00,-2.427688474855684009e-01,-1.829938291873854928e+00,-1.553301330778997702e+01,-3.134852844440350755e-02,7.168503855479436027e+00,-2.203026464569697307e+00,5.277524177250982884e-01,-1.817705468340221397e+00,-2.077664494159290332e+00
8.010449334676378896e+01,1.729467322852099187e+01,-8.265130583068136971e+00,-2.465804775833569717e+00,-6.781418883094169070e-01,-8.695572009305062577e-01,-1.619771256097683931e+01,3.012193013780965489e-01,6.824169121738557386e+00,-2.773566072491397083e+00,9.316512579765351409e-01,-1.763261889245707703e+00,-1.294952456495067628e+00
8.053277166735077230e+01,1.736590959858288841e+01,-9.118300543152264126e+00,-3.159426495061122608e+00,-1.074514573744947965e+00,-6.078986097798156907e-01,-1.554891006632407446e+01,-6.872903102536815911e-01,7.108277672305489681e+00,-2.967770773505658877e+00,7.556529235651606724e-01,-1.299404842755487399e+00,-1.013292987142380586e+00
7.911832614771687133e+01,1.660842774553572099e+01,-9.285603695715920480e+00,-3.850734255588072141e+00,-1.631328517890459073e+00,-2.827017688173962373e+00,-1.553787982983692118e+01,-1.501796288160078152e+00,5.993064368471847203e+00,-2.712676595648591871e+00,3.311016099139739433e-02,-1.202151035944721613e+00,-8.397072355548137468e-01
7.582365038232676113e+01,1.994730712419335461e+01,-8.094957355298118884e+00,-4.276691186668619693e+00,1.630554518948242437e+00,-4.147073567256044591e+00,-1.597086049404167518e+01,-1.354276702826813006e+00,7.244663014442884297e+00,-4.172290683431989500e-01,-3.444747095799532421e-01,4.860182384073270107e-02,-9.573665036772518455e-01
7.372909441887809123e+01,1.679268420563933262e+01,-6.477990089336638668e+00,-1.909532530867250388e+00,-5.981261436358353833e-01,-4.785363609780069361e+00,-1.391507794971445833e+01,-6.297256075457601243e-01,7.244249428470827645e+00,-1.664239803518231531e-01,4.291264328216952695e-01,-5.446062870030240477e-01,-5.421121334842790018e-01
6.943676249977566783e+01,1.661932081601013067e+01,-4.536452178918884748e+00,-1.889789500437534242e+00,7.310011464340577803e-01,-5.053776926586773577e+00,-1.412811066304135643e+01,-1.090848649955106886e+00,7.827304180529603528e+00,3.943452921918473852e-01,2.064745062263972572e-02,-2.863736775286085390e-01,-5.781472115546354429e-01
6.703541487280668321e+01,1.822101903823327618e+01,-3.377941357063298788e+00,-2.509618381901390194e+00,1.464012534654492770e+00,-4.488345693035793893e+00,-1.218875692231756247e+01,-6.588953443068701343e-01,7.529613960625145097e+00,2.011138373370472188e+00,-1.068892272728717563e+00,-9.861915992265496422e-02,-1.900086355155191364e-01
6.871425255212584204e+01,1.789492284214828643e+01,-5.514828412098630395e+00,-2.851266906358484565e+00,2.769534928430373633e+00,-5.086150102312561039e+00,-1.409719195086274013e+01,-1.779428411616072570e+00,7.938168107881354629e+00,1.680906520045017283e+00,-1.613972323318990432e+00,-1.191835167605999751e-01,6.919022268173151413e-02
6.381487743430591308e+01,1.623509256266730816e+01,-2.739932509341798994e+00,-1.937310952212320414e+00,1.309715770916617616e+00,-5.277200750878216162e+00,-1.237342656879167890e+01,-3.473333282541148370e-01,7.058677190160227433e+00,1.727990164823642205e+00,-9.448235703456012713e-01,-8.081536859483211543e-01,2.810105798238551542e-02
6.084670032606875623e+01,1.328093736586687967e+01,-3.065224674026377993e+00,-1.737808650104389674e+00,-7.200192763414869912e-01,-7.560928545936406842e+00,-1.256516233560020801e+01,-5.043965248822765979e-01,6.746223200688181265e+00,2.895385607650553528e+00,-1.164524422953007399e+00,1.271498513748118009e-01,1.581990232298935428e-01
6.019824432086092969e+01,1.452778936937082221e+01,5.818742140897286141e-01,1.120961640388430380e+00,4.187230203240625004e-01,-5.082377618217035042e+00,-1.045474566849356357e+01,-1.692428222356256562e+00,5.028589747722780778e+00,8.591376237411397776e-01,-1.204565613550938386e+00,-5.236314906922686641e-01,4.931349536476598017e-01
5.851279471519996633e+01,1.424825160416484238e+01,9.386335291396421532e-01,4.578486070100196148e-01,-4.700947310976206217e-01,-6.779466800418967765e+00,-1.122434395731285051e+01,-1.609741683495182984e+00,5.296880796033996752e+00,1.425296877741422996e+00,-4.190963566854241651e-01,2.709054625634764180e-01,-1.318615749211592136e-01
5.631780898039087191e+01,1.160296526025417130e+01,-1.282278667440693853e+00,-1.549088730029800409e+00,-8.324969486338967828e-01,-6.004557958633962578e+00,-1.005128008907201398e+01,-1.412092084857769159e+00,4.460892032485235248e+00,9.837887971809829990e-01,-1.203571099333710981e+00,-5.388285656360558562e-01,-2.175939895149536507e-01
5.781462790105780414e+01,1.347695854396736870e+01,8.899466076989319685e-01,5.428430926538145851e-01,-1.029002209250022615e+00,-7.022972723222800084e+00,-1.114839967112580332e+01,-2.088049502103692667e+00,4.634470637859360309e+00,9.684310424011159935e-01,-1.200004307890620847e+00,5.649774801861515705e-01,3.996395511836735026e-01
5.158366516706804816e+01,9.562404873526904936e+00,-1.366456142403948693e-01,-1.301281531332267427e+00,-3.116057738136738919e+00,-7.345419145190213328e+00,-8.874616743546086539e+00,-1.078721284145676140e+00,3.366311503972106323e+00,1.100709488482351173e+00,-1.237627620921184946e+00,-1.758290367892676245e-02,-2.437221998867679928e-01
