5.784055961706773985e+01,1.933948794267287496e+01,5.748651914483505543e+00,2.632740957081312061e+00,-2.292869008485477408e-02,-2.435278299329081353e+00,-5.876281280916920480e+00,-3.764608290607422525e+00,1.350183998929090468e+00,1.209177748621295123e+00,5.349163790348767655e-01,-8.047403734807903053e-01,-1.027911546375860352e+00
6.524669585151737294e+01,2.197876392269723667e+01,1.882991133005093687e+00,-2.541993780475925169e-01,-1.607629542310808679e+00,-1.879766371599524755e+00,-6.264452646303707795e+00,-5.207567333434380608e+00,3.860992459659966514e+00,2.449001825980758884e+00,-9.297467800216032696e-01,-1.415131510077280108e+00,-3.323097960289265629e+00
6.860844624810235359e+01,2.297601873914873849e+01,-7.435271874310086515e-01,-1.740536837082716115e+00,-5.908657397031227276e-01,-2.092510140461830481e+00,-8.535538803907726901e+00,-4.651483623151151825e+00,5.482995004208388146e+00,2.542902396663431208e+00,-2.367801525112470440e+00,-1.954907315939233836e+00,-6.555204306103330492e-01
7.087819602748892578e+01,2.372020023939992228e+01,-3.942780810526834934e+00,-3.203343555870742598e+00,2.056096906389581758e+00,-2.968679392668638339e+00,-1.037756913125431524e+01,-3.303604176771029355e+00,4.829705605575830951e+00,2.191293505615054649e+00,-1.405352808338497628e+00,-2.085280981098128095e+00,4.295296290891368329e-01
7.058523356009841621e+01,2.486890800053160788e+01,-5.023290599383367194e+00,-5.451400929467006051e+00,3.273296208936545160e+00,-3.928864782379756893e+00,-1.178415223631595410e+01,-1.752150838994779525e+00,4.430146588675570207e+00,2.010900821796756333e+00,-1.244905551962486978e+00,-2.210849718305534672e+00,1.948146557480692487e-01
7.216531895979963451e+01,2.448268665650081743e+01,-6.175495638917321450e+00,-5.080224635691233281e+00,4.048015113810290444e+00,-4.770738520152711715e+00,-1.165190114315559278e+01,-1.868336868018783070e+00,4.784704800765413601e+00,1.296470668569030371e+00,-6.436657791849853538e-01,-1.027754700362547124e+00,-9.355954013128107150e-01
7.357015106646895219e+01,2.498012641472851314e+01,-7.406890884891735638e+00,-5.129519608544134357e+00,3.359451462229700258e+00,-5.058573315645545243e+00,-1.196089799958028443e+01,-7.823091720939613358e-01,5.159155464667148472e+00,2.171071091617484891e-02,-4.834040682117726195e-01,-8.677241844168442908e-01,-1.393528678418065603e+00
7.593404352213609343e+01,2.325932522965294780e+01,-7.176577373206630917e+00,-4.496005549089472808e+00,1.902472216496594815e+00,-3.541055884149920896e+00,-1.253260352547538048e+01,-1.611977483279227519e+00,5.883075204692966409e+00,-3.652959647796666931e-01,-1.494894352314283040e-02,-9.758675410770359937e-01,-1.531587148120291175e+00
7.785050358655819025e+01,2.261630904243292761e+01,-7.861631882063509380e+00,-4.599457644303736714e+00,1.881634918865368267e+00,-4.694215208525009508e+00,-1.128037787517534163e+01,-8.895862158764816785e-01,5.282460722177794388e+00,4.814683698705441439e-01,-8.214153195694288145e-01,-1.315473718182305962e+00,-1.075060727434547836e+00
7.730494591100871560e+01,2.293399273666018701e+01,-8.240635171208953835e+00,-4.865157674616388483e+00,2.450786720248539829e+00,-4.845256628697740986e+00,-1.141959813481460451e+01,-7.021666053535299268e-01,5.218781002860517937e+00,9.400707055756158947e-01,-1.314144676428315339e+00,-1.279514949539669155e+00,-4.786945344646937328e-01
7.775769129650122125e+01,2.189043377268180279e+01,-9.259848421961946130e+00,-4.738705374231391154e+00,2.195266840208335957e+00,-5.193000769943973971e+00,-1.150769665654160256e+01,-1.108766308590161787e+00,4.978169199093837705e+00,6.710397970988063454e-01,-1.347376439789254254e+00,-1.301935302750178547e+00,-8.904510252287016758e-01
7.757439711632157753e+01,2.140112113364960678e+01,-9.379833132933480755e+00,-4.720006594852760529e+00,2.074940343041366653e+00,-3.811432745017616419e+00,-1.204229752729494685e+01,-7.199833880233010852e-01,5.342263732667758447e+00,-1.972558569258443806e-02,-9.491970983557079800e-01,-7.102109045803035592e-01,-9.950337268387509093e-01
7.713771602874615496e+01,2.106182167846131037e+01,-9.894814131417897229e+00,-4.950317372087652323e+00,1.806037168889043532e+00,-3.290938773625008196e+00,-1.242636161280171692e+01,-7.176593624550509087e-01,5.825706702871418230e+00,-8.427108619866517936e-01,-8.462561168336782957e-01,-7.005246373326647902e-01,-9.694560155506025678e-01
7.885610358509941875e+01,1.948806878765779871e+01,-9.793485408109676271e+00,-4.444280466959886766e+00,7.684521183262679189e-01,-2.781908067456293487e+00,-1.234825193458575932e+01,-7.871461297369919397e-01,5.948258818944784920e+00,-9.172647163927393210e-01,-1.489002513246469594e-01,-8.088311014512881147e-01,-3.525020354018522650e-01
7.772713852941575396e+01,1.912742100409758805e+01,-8.212214059845161174e+00,-4.700925970997915648e+00,-9.612350131022381339e-01,-2.707992350369297085e+00,-1.427938216276972661e+01,-8.308754087130110211e-01,6.484627665388938311e+00,-1.471829513519777199e+00,1.932254353399570357e-01,-8.132599783389632409e-01,-9.100476086238605822e-01
7.781538092973094933e+01,1.853251155844190734e+01,-7.795334501195467780e+00,-3.928601938202390009e+00,-9.078596867653313529e-01,-3.901470863921125964e+00,-1.290329785061572920e+01,-5.793922205860090324e-01,6.546183009275545750e+00,-6.142271662840550484e-01,4.542715007208755207e-01,-7.465348706204146811e-01,-2.425390572992215665e-01
7.302471247578489510e+01,1.816861308684013210e+01,-8.308035597615006651e+00,-4.884688010171013950e+00,3.281809267054178747e-01,-4.128022243987278905e+00,-1.299938733586108341e+01,2.034490918562023021e-01,7.659436045845418484e+00,6.710116532914679743e-02,1.324669252557238719e-01,-7.532532549578838110e-02,5.861959553900654429e-02
6.866522002405901048e+01,1.781190317893565123e+01,-4.580470374941169709e+00,-3.020259193424822186e+00,-6.274615933256363354e-01,-5.935938847351640568e+00,-1.211090887239168445e+01,-7.543192035744494817e-01,5.997066862720279445e+00,7.988096780021115562e-01,-7.548929484037295579e-01,-1.852386293875329659e-01,2.118770285871313108e-01
6.431884931659799065e+01,1.639999519841712683e+01,-4.304303941840418979e+00,-4.507231588685166379e+00,-1.299216172093886401e+00,-6.583205175495572270e+00,-1.175286895299954182e+01,-6.175180836193323863e-02,6.511744350602251430e+00,1.860295728812975558e+00,-1.489817173772186809e+00,-1.511864889586928884e+00,-2.965498549236798564e-01
6.624326245814428660e+01,1.682746113360054352e+01,-3.037584087856957549e+00,-3.216424110217972920e+00,2.853381353748561944e-01,-5.581174834594079037e+00,-1.258268622135962644e+01,-4.232947522274068536e-02,7.115883465355152815e+00,1.184801120209235448e+00,-7.237969702393654003e-01,-1.562622303111552258e+00,2.758668016523331268e-01
6.130056143409058222e+01,1.369895407756256844e+01,-3.708248233817034833e+00,-3.310182530972829440e+00,-4.624857465638534948e-01,-6.631492841439311725e+00,-1.131308481907833929e+01,4.220044103970909677e-01,6.722818996355090171e+00,1.714843649945641424e+00,-3.830423334388184387e-01,-9.303348507736919348e-01,2.849378637853759444e-01
6.141499826165373577e+01,1.429305157958705408e+01,-3.057044067868878834e+00,-2.737060739281213628e+00,-2.735411485424753542e-01,-8.749542659335624251e+00,-1.384221917412247649e+01,-1.988540232896066406e+00,5.312688918817913830e+00,1.408196969344844618e+00,-8.386504797249872967e-01,1.332212362562472940e-01,6.170117844796947359e-01
5.794272371560821711e+01,1.060451066008422139e+01,-3.290240630675079547e+00,-2.374848028888478790e+00,-1.787635354116903219e+00,-7.302413533748733698e+00,-1.088418233379632305e+01,3.063224407925911330e-01,6.489353534724360273e+00,2.032641207723334009e+00,3.004380351690251194e-01,4.661629458444099261e-01,8.538537417375461347e-01
5.812783161624671635e+01,1.337492699178754485e+01,-3.603416985212528068e-01,-9.884265681870024745e-01,-1.551564884319354132e+00,-7.376202697482174386e+00,-1.117543164929123201e+01,-1.594512419779578583e+00,3.961992167565357104e+00,4.192541955126495856e-01,-1.584245968695687345e+00,-4.590049542830294538e-01,-5.549747029181513469e-02
5.620693349641582159e+01,1.149718819712343176e+01,-1.418035776686714211e+00,-1.109700644302927142e+00,-1.211102597988607865e+00,-9.254458409292336540e+00,-1.131564369272267534e+01,-1.501076125641623293e-01,5.338692325565518537e+00,8.151124505031662748e-01,-1.459101888535913494e+00,5.571709871176000473e-01,7.339835821597941179e-02
5.039945817694050589e+01,6.521731977396367341e+00,-1.339483140308586950e+00,-1.868354672832219121e+00,-3.950343717000892152e+00,-7.580193028651837750e+00,-9.066946428648513745e+00,-8.340690675929913755e-01,2.284613257498164796e+00,-8.098278861842451715e-01,-1.560500628896215880e-01,-3.557284952115183918e-01,-9.750802442566526285e-01
5.137821715460574268e+01,8.512010888183796808e+00,3.493678359846507653e-01,-1.965406171524568757e+00,-3.676710358021389791e+00,-6.611242207958283323e+00,-8.487732575633277321e+00,-1.006058931364159470e+00,3.007028404336699712e+00,7.318616318159886225e-01,-4.826982497929664662e-02,-2.740488421433981414e-01,-4.552408701504316868e-01
5.248419521318165692e+01,1.056395035951088879e+01,2.719846760850246792e+00,-1.066504365427961343e+00,-4.301127883958533182e+00,-7.073740717766170860e+00,-8.161959263412084553e+00,-1.073403385630954832e+00,2.703576225468689476e+00,1.063759957843902093e+00,4.227266056061610988e-01,3.756763809719353420e-01,-1.264345895815665310e-01
5.629526390115295698e+01,1.206119318482652325e+01,-2.400878464171002369e-01,-1.737759978367331148e-01,-3.122790850404666418e+00,-7.716154711052988446e+00,-8.057239122682915422e+00,-3.037959355218030844e+00,5.480766625125831348e-01,2.306173879483271349e+00,3.548541948324216433e-01,-4.796583227480883393e-01,-1.295344023578781867e+00
