4.997061271708748365e+01,-1.206417580908270004e+01,-6.546811022656775059e+00,5.867191622555309571e+00,-8.027623225625527326e+00,1.418761687192124699e+00,4.382888660066538433e-01,-5.652003623786546527e+00,1.558410940263351030e+00,6.949025009948223142e-01,-4.762092888659243961e+00,2.018758849418892609e+00,1.227989241538916393e-01
5.694045258610157134e+01,-1.048917362710239054e+01,-3.841336737451583438e+00,7.592664630188059149e+00,-9.369256996671543547e+00,3.934507072949221307e+00,9.304071613229368543e-02,-5.202422260666873299e+00,1.962547385705386116e+00,-1.624544471781611099e+00,-3.922861622780295487e+00,7.296646008732002864e-01,-9.366212829097447790e-01
5.481769013403267365e+01,-1.515645020838450385e+01,-5.002866283710956985e+00,5.720480355864873800e+00,-8.822894019255864251e+00,5.081931058420854797e+00,6.880203804425736314e-01,-3.437029346063710022e+00,1.048401921199154874e+00,-1.355677545505035386e+00,-4.651544432310795507e+00,2.323478286885015009e+00,-1.837034002936162924e+00
5.489461726208635639e+01,-1.449288811958659018e+01,-5.883813619215941593e+00,4.676838645339128853e+00,-7.988875398037175835e+00,4.918221052323173303e+00,1.471251469034270176e+00,-1.488738227904312650e+00,2.223372184844263799e+00,1.170353535849207649e+00,-3.964061036841905139e+00,2.200956598569331568e+00,-1.656582986522568302e+00
5.230350046027064081e+01,-1.430178615596837588e+01,-5.848796195855785918e+00,3.612713225925582083e+00,-8.978502113120354622e+00,3.815531773125707904e+00,-7.276594404938245553e-02,-2.040027427198332077e+00,1.019877868983393165e+00,-8.099295313467919089e-02,-4.211999999904553427e+00,3.306942907836787349e-01,-1.340492290515180596e+00
4.879827501627153907e+01,-1.096967528795639168e+01,-5.438926625055995778e+00,4.122913799708091354e+00,-6.440888974984601667e+00,3.678603590654991429e+00,1.507024881509831937e-01,-2.663959911036658745e+00,2.963425826679155328e+00,-9.747929464354405660e-01,-3.949709579777033408e+00,5.039887797111809453e-01,-7.059305810993737884e-01
5.910613560664845068e+01,1.025158858961354191e+01,5.001286983772327055e+00,8.579509356704942746e+00,-4.551533677560664515e+00,-1.401118278198212552e+00,-3.739040250103957241e+00,-5.845772904047727536e+00,2.446322769565994815e+00,7.955175581658635586e-01,-1.225267692608677406e+00,3.687618375405197213e-01,-8.877439048040869363e-01
6.702416072490240140e+01,1.964961079716308845e+01,3.316412692272855178e+00,7.219118299563775487e+00,-2.078741205369347700e+00,-4.978027509024324893e+00,-6.178717588548055417e+00,-7.684267694764437273e+00,5.025401052220847653e+00,4.132703957044189913e+00,-5.291612656339951037e+00,-1.818433322869884572e+00,-3.863448557981382647e-01
6.970944028484542798e+01,2.190803138787709869e+01,2.182558211821077343e+00,4.974620110661983396e+00,-1.792195792198449267e+00,-5.777118072282293681e+00,-6.733217908650116712e+00,-6.699915373598544832e+00,4.168792124439534064e+00,5.622842093292991450e+00,-4.350393723786464051e+00,-2.512357988722144775e+00,-5.332934437551047901e-01
7.256158544815002642e+01,2.170150180342882962e+01,-1.612954059119645345e-01,5.717466564162416276e+00,-6.616581174304221324e-01,-6.521254283394831930e+00,-6.555548659385955546e+00,-7.683528745174029950e+00,3.203292516749919105e+00,6.827886016332570307e+00,-4.476185769990952856e+00,-3.389239271006648124e+00,5.489235494905359697e-02
7.500314380102715006e+01,2.166452498693115913e+01,-1.664771127185229682e+00,5.319437801806132349e+00,-7.141151196092998532e-01,-6.978094043539383229e+00,-6.748938520866583524e+00,-6.186615495340805460e+00,2.959518596224003151e+00,4.779325463313283784e+00,-4.448981716330908220e+00,-2.383347475218793754e+00,1.816757218441985844e-01
7.421599535316043728e+01,2.160964046456462029e+01,-1.085076818464845383e+00,5.786626430161822654e+00,-3.961062877429442075e-01,-8.154462962851216190e+00,-7.445622757595353747e+00,-5.448875889782626381e+00,2.804704774660228939e+00,3.928536090786542534e+00,-2.783764205570912864e+00,-1.857602479105448845e+00,-1.600842720774518391e+00
7.519804666937416471e+01,2.119374608511407132e+01,-2.406647628998571875e+00,5.584284377652590337e+00,-5.186051962286613026e-01,-7.456078118140724520e+00,-7.248389249881729057e+00,-6.153861777059935534e+00,2.167641060256964902e+00,4.175502950050813844e+00,-2.699886581171017319e+00,-1.761859227849670750e+00,-8.335465581716365868e-01
7.384542952569954366e+01,2.105087528509160322e+01,-2.492071870550834678e+00,5.180310866468391673e+00,9.696500141175937726e-01,-7.419328009225885978e+00,-9.215001003323989082e+00,-5.707109277252420121e+00,2.100377190317960441e+00,3.034903409958221498e+00,-2.635875365204920051e+00,-1.385319649901648686e+00,-3.079381690206577371e-01
7.308204430133389451e+01,2.048522929358195910e+01,-2.017266845834269962e+00,4.434811230371281887e+00,4.500671999462182993e-01,-7.844333008115023098e+00,-8.772376847215399565e+00,-5.195818186499946201e+00,1.821633144878777033e+00,1.570489138158963627e+00,-2.086505330450694640e+00,-6.729594052960432560e-01,-5.361306618376178168e-01
7.193213871184028108e+01,2.023978451581295701e+01,-1.564645795919676674e+00,4.748531333538604571e+00,2.170727929551983029e-02,-8.180791613563009435e+00,-8.924815099461946843e+00,-5.218026930976161992e+00,1.736099923078957108e+00,2.629459188969852423e+00,-1.560646084519542232e+00,-7.665134023745129310e-01,5.877249873297771265e-02
7.166998632949000125e+01,2.018821628025920489e+01,-1.425852719905918109e+00,4.434395212934393093e+00,4.043799608727485784e-01,-8.147412188533088795e+00,-8.314418565323295596e+00,-4.525780151518630667e+00,1.691780813228135338e+00,2.380808167636990547e+00,-1.281687570322856518e+00,-3.816610133581912478e-01,3.558803454304145797e-01
6.841203799458573087e+01,1.954867074589905585e+01,-3.005208863584789558e-01,5.135145128130512049e+00,-1.265206037349952128e-01,-9.023138103124592746e+00,-8.025088993074930954e+00,-3.890611660203504574e+00,1.513659968381987575e+00,2.828522580434203793e+00,-1.464193393246406627e+00,-1.213792735722686533e+00,-4.244991038820265516e-01
6.565411943805456474e+01,1.875211594115484104e+01,1.202447806280944498e+00,3.040094982396337908e+00,-1.061589662955601199e+00,-8.648746377580785349e+00,-8.478777750436988114e+00,-3.007622099794777348e+00,1.279368714932218820e+00,1.895923056653937788e+00,-1.851148329232476852e+00,-1.263249723603230734e+00,-6.531232448612280805e-01
6.274954912367879700e+01,1.778583394749390933e+01,2.191727316775931023e+00,2.035196567936354395e+00,-2.649712546799795732e+00,-9.441923596789470352e+00,-8.257545802939905144e+00,-4.471704882832053585e+00,-9.605006882473372531e-01,2.958847956537495882e-01,-2.672453564603334719e+00,-1.421986804800382753e+00,-1.431187099630831572e+00
6.099152631526724377e+01,1.670299299177107955e+01,3.353978402383432478e+00,3.985913582692390822e+00,-2.836587687788353129e+00,-9.777250809295484402e+00,-7.174050755649582278e+00,-4.734215922887890393e+00,-1.478788925036177204e+00,1.193891001410756658e+00,-1.534862336018165463e+00,-6.180532705964998375e-01,-3.883454656503651514e-01
6.094431076436065808e+01,1.719578848565104323e+01,4.234188821877429731e+00,3.881743305200050287e+00,-2.419453879716408906e+00,-7.534918758716600884e+00,-5.745763806033388654e+00,-3.065917455221439880e+00,2.246521538963549836e-01,2.593208836311498011e+00,-1.027116361450248316e+00,-2.212184335464607021e-01,-9.373953032120725670e-02
5.720333776925554758e+01,1.564935453342201299e+01,5.713657146503662076e+00,3.530622496526845566e+00,-3.697393982139621560e+00,-7.917332195632564407e+00,-5.496656570236722494e+00,-3.472054173272612676e+00,-5.713623263713173417e-01,1.953948371613146939e+00,-7.821729344139263240e-01,-7.970221914984856326e-01,-8.456963423772558830e-01
5.438600401948506402e+01,1.462910498167027384e+01,6.032918459954154322e+00,2.246409865718248966e+00,-3.894948695753552848e+00,-8.085327140654069211e+00,-4.968305116254854603e+00,-2.772229631578175812e+00,-5.403722743264214312e-01,1.697971159075590375e+00,-7.405078795860007279e-01,-7.379771595264050799e-01,-3.829750526784195808e-01
5.228613686202584176e+01,1.335606606554365428e+01,6.588969741960541526e+00,3.064834599383867264e+00,-2.261264538092487175e+00,-6.553044344473436311e+00,-4.654214793052562804e+00,-2.225542566480495310e+00,-6.159388698765819736e-01,8.818281404446588478e-01,3.317113200172999710e-01,7.860110132923537885e-01,6.305858697523644141e-01
4.988594031285735042e+01,1.100730092683927097e+01,5.970529277537896640e+00,3.172562136617360196e+00,-1.147683404513108130e+00,-4.275999115702020070e+00,-4.655811105625128121e+00,-2.052499068334317833e+00,7.003895838171636523e-01,1.332254201266618532e+00,-8.778801082043614645e-01,-7.402238267952672424e-02,-9.357802905456391596e-01
4.600564405347466845e+01,7.627884100718444138e+00,4.750645754777622187e+00,1.609405119487586910e+00,-2.310524190923754606e+00,-4.477833476358374476e+00,-3.248287497907952126e+00,-2.169983651152642690e+00,4.426757425554875836e-01,1.655514951845500793e+00,-1.157346437699950048e+00,-1.254288238003532729e+00,-1.893332678858788087e+00
5.416717773485226672e+01,2.286644664810320471e+00,-5.176816981158661513e+00,2.993830274488221477e+00,-3.511336170000156187e+00,-1.041170633827497527e+00,-2.006395322585740271e+00,-5.771171231233628518e+00,1.149687547837509927e+00,2.632661447419393674e+00,-5.946612728170206363e-01,6.867713523448777391e-01,-1.255951137449843547e+00
4.954167945166323506e+01,-1.470425774895856019e+00,-8.326853967491443242e+00,-1.066077800904249306e-01,-4.363891461360741353e+00,-1.477136129099336115e+00,-1.325001899176436737e+00,-3.649358007645670643e+00,1.094640037069487093e+00,9.270278110455421050e-01,6.952748307684297746e-02,1.079978125966098768e+00,-3.443362634206220685e-01
