6.028387673896448007e+01,-1.600376852753081280e+01,-4.579369666574541475e-01,2.756857921324386673e+00,-6.402793866318433835e+00,3.797896539093772006e+00,-1.873674061531936719e+00,-2.170457091414145001e+00,1.301787258730939367e+00,4.306109121621165547e-01,-4.899280407246395797e+00,3.892891133244500423e+00,-1.705816244775255175e+00
6.494017854547298896e+01,-1.609942416869842408e+00,6.126922336072233577e+00,7.254300755647324017e+00,-3.281753520040962879e+00,1.422713934247417322e+00,-3.379882823115283319e+00,-5.302804640909520195e+00,-2.392859102897798573e-01,9.322375552028799861e-01,-3.362440204341543559e+00,3.291007609528804778e+00,-1.552752101841902377e+00
6.864827950439595838e+01,1.358867221440202933e+01,6.883402491725071570e+00,6.839140328255943757e+00,-5.939034115762117594e+00,-2.622125565151461668e+00,-5.665486387291892356e+00,-6.791244684623842787e+00,2.796165734824843430e+00,3.680438897774631624e+00,-3.612607027128559078e+00,-8.400448899664449964e-01,-3.307754198212139229e+00
7.193713414949500873e+01,1.931767083185501122e+01,1.882637394395628716e+00,5.731306122435372963e+00,-3.776116107600655525e+00,-3.063987122586718570e+00,-6.097180289741181092e+00,-8.715821234546726970e+00,3.903437690964185691e+00,5.716616269645193427e+00,-4.191370769575305744e+00,-2.761313753482741440e+00,-1.571492032278056117e+00
7.412796743399155730e+01,2.158178927119964996e+01,-6.605970178390843106e-01,4.095331009359705732e+00,-2.076526419138208013e+00,-4.706798140437729039e+00,-6.165837298124848154e+00,-7.427766404668822098e+00,3.426837562315874663e+00,4.891979232674062317e+00,-4.111471414697103199e+00,-2.022401391509511370e+00,-1.218576929736053804e+00
7.260701425042685742e+01,2.281766648664669361e+01,-1.403975375117222812e+00,3.557598054061877235e+00,6.353516467158082381e-01,-6.384514013984268210e+00,-8.626457604723391626e+00,-6.189083184205141919e+00,3.603909044518641025e+00,4.621790672909392939e+00,-4.423376136393614821e+00,-2.541668305273318218e+00,3.076177638144347304e-01
7.484857983390418212e+01,2.150870795891158593e+01,-2.454162585581318723e+00,3.979341468145497274e+00,5.044773598612691812e-01,-6.302710784766300200e+00,-8.396074575042176136e+00,-5.738047784966439302e+00,3.341576403006301987e+00,4.425681747960719115e+00,-3.997932185062938348e+00,-2.306820054587590096e+00,9.987580857812716761e-01
7.425160816260493846e+01,2.145860739460314903e+01,-2.406896600887654891e+00,4.147694134735401938e+00,-9.295954470504900202e-01,-6.658429579033042778e+00,-7.653314231672500689e+00,-6.324107202820741236e+00,3.288984378462763036e+00,4.119652680188080396e+00,-4.303956316411208682e+00,-2.889187403660278708e+00,5.913462678157778152e-01
7.382426554702074384e+01,2.104295141607695996e+01,-1.788846906031392292e+00,4.063119040021187622e+00,-7.845367081417363719e-01,-7.074088753017906406e+00,-8.071170449455506102e+00,-6.602679800907772290e+00,2.947354076090995978e+00,4.500916980281656876e+00,-3.681545870075821902e+00,-2.781315468812218583e+00,6.234446446917307760e-01
7.289527044714013471e+01,2.140877296727791901e+01,-1.342282580771365419e+00,4.443918186797094272e+00,-1.308707996419581798e+00,-6.934195884616897843e+00,-7.835338872958434564e+00,-5.809929184511916311e+00,3.292469947152663945e+00,3.424157570112894344e+00,-3.015995806022036874e+00,-1.905353158395403312e+00,6.538100055147130218e-01
7.239706703983046054e+01,2.103926544751088201e+01,-1.142823671313592637e+00,3.220421348506192327e+00,-9.790772343215263795e-01,-6.558535565647853005e+00,-8.336656260054306600e+00,-5.925058746294886269e+00,2.411335113153572074e+00,3.303553731613550148e+00,-3.143204257322111506e+00,-1.634762716012259753e+00,8.327083202091046799e-01
7.053542498990114495e+01,2.060408347169707355e+01,-1.011441285574118609e+00,3.532497204465488760e+00,-5.090028142431721747e-01,-7.098654826887011104e+00,-8.239833280979597774e+00,-5.696112816264934153e+00,1.477404124961113396e+00,3.507420165499649301e+00,-3.226098028969889064e+00,-1.538640660199615207e+00,1.204213853892289521e+00
6.997872690770846305e+01,2.036167490312736206e+01,-3.331074840312929775e-01,3.093795938997153439e+00,-1.517890676520450288e+00,-6.925661820379695577e+00,-8.617611106790795006e+00,-5.817069750949624307e+00,1.438957257989011529e+00,3.345924758434761337e+00,-2.060277547632015427e+00,-8.543420372477421587e-01,6.174170552441609061e-01
6.817698161241145272e+01,1.988195929036601584e+01,1.545485411689288435e+00,2.496855854685139597e+00,-1.844370808022266495e+00,-6.719853808444147703e+00,-7.543360535326737448e+00,-4.399529335994222912e+00,2.331158828306988617e+00,3.459827431977624101e+00,-1.927793165258447239e+00,-1.054749664018730604e+00,-1.818192626535005407e-01
6.565922277164492016e+01,1.960694436902333848e+01,2.681326041739186206e+00,2.837218852166820238e+00,-2.193457028190589853e+00,-6.884499001422693887e+00,-7.316142601506827603e+00,-4.555925980796060593e+00,1.832031987138038387e+00,3.649694187296868897e+00,-2.133018405437023368e+00,-1.079828086783008789e+00,1.885192406751838301e-01
6.304254920584257604e+01,1.848887996218043739e+01,3.505637888949661107e+00,2.450051474411630625e+00,-3.133818060842357145e+00,-6.475895104086133003e+00,-7.101971404234347141e+00,-4.908135761209632797e+00,9.341958867022326363e-01,2.953383812916969831e+00,-2.090420670280287219e+00,-2.202931657518193198e+00,2.153344407541017691e-01
6.148177837494043274e+01,1.753805597455642129e+01,2.705769956641305374e+00,8.486318070525108448e-01,-2.976089090688627259e+00,-7.258634154920369674e+00,-8.139426074095622354e+00,-5.386423121061134189e+00,1.974082159174098960e-01,2.602636726617353791e+00,-2.611312131371411827e+00,-1.038290365957257988e+00,6.557711475123202405e-01
6.107941761856342566e+01,1.652327660968432355e+01,3.945699350532476224e+00,3.684352062008741324e+00,-2.038988700533622467e+00,-5.992112963643034362e+00,-5.428523574489886094e+00,-3.555010877829533289e+00,2.123081790798555080e+00,3.466669421937663031e+00,-2.592795697085985118e+00,-1.357999346936568985e+00,3.682738850172330713e-01
5.567926835728179213e+01,1.446614425530624359e+01,5.281132743507253480e+00,2.620069966419091845e+00,-2.429103131615870659e+00,-5.787278117630816787e+00,-5.230155832567127128e+00,-2.866856459161466919e+00,2.257456245663122640e+00,3.875341585878670614e+00,-1.686372681394662232e+00,-8.424467916531592770e-01,3.812093979662518617e-01
5.461393546939938659e+01,1.416426721457358084e+01,6.658694045065867151e+00,3.053501845550935734e+00,-2.613575556302036418e+00,-5.705491369835487880e+00,-4.376759211739797095e+00,-2.289411319786093024e+00,1.721937331626553158e+00,3.107999865396942951e+00,-5.344585283891416516e-01,-5.315583613573752197e-01,8.200646296322940954e-01
5.081606507903801173e+01,1.134781623943920792e+01,5.058989549486264004e+00,1.468338835248218954e+00,-2.611517266833120132e+00,-5.759064700382644730e+00,-4.380196568008365432e+00,-2.222497885807489748e+00,9.145629957976094682e-01,2.325885602557500764e+00,2.326728865518027170e-02,-1.756496997929313797e-01,-1.478475157870307699e+00
5.095699365720771823e+01,1.093249931560867516e+01,5.772343489844153019e+00,3.411946783307185260e+00,-2.299416160817436605e+00,-5.666527898972957722e+00,-5.162744397971983368e+00,-3.361904914141212952e+00,-8.788476454966966944e-01,9.410846483793388062e-01,-1.139455495968561216e+00,-9.752309122592414115e-01,-7.355677627983233657e-01
5.063049271066901014e+01,8.051181438903874721e+00,3.634144293891585331e+00,3.438667462091203220e+00,-1.806490235311487780e+00,-4.886515541412245867e+00,-4.232303317839106072e+00,-1.111563475139273782e+00,3.710290219649238774e-01,3.831789445054739618e-01,-1.050254480057189133e+00,-3.424818224338245232e-01,-8.497267060249139581e-01
