5.104899663441912594e+01,-1.424161374488301490e+01,-4.946502331095120830e+00,6.301419488255286083e+00,-7.436045854852713965e+00,3.947470132177895774e+00,-6.306478526671600859e-02,-3.020855752364747016e+00,2.770066505586551209e+00,2.774516745467149881e-01,-3.139613259146813995e+00,2.695777156306487510e-01,-1.964741936588159987e+00
5.306338240180436827e+01,-1.535554856109595967e+01,-6.945702022699800082e+00,6.607082695133549954e+00,-6.846075323666102719e+00,4.578329891233561710e+00,1.345145514834510392e+00,-2.831218812163646792e+00,2.422717301516578825e+00,-2.546927508884013203e-01,-3.855583297689649580e+00,7.501749736100127297e-01,-1.161818586043627866e+00
5.613565378432883790e+01,-1.428973746886769902e+01,-5.379040795315395584e+00,7.435615207611487421e+00,-7.091569988268362934e+00,4.700458584966137998e+00,5.644279269560983359e-01,-3.727263123032091396e+00,2.601738260841684358e+00,-5.576067265775177528e-01,-2.977793517694556247e+00,2.521974673106926801e+00,-3.395517005562282975e-01
5.694060088170616751e+01,-1.099151704362880366e+01,-6.751875520647824480e+00,6.179856898682736244e+00,-7.523539999411620549e+00,2.181434246270719690e+00,-1.389203019469974265e+00,-4.640437243881550877e+00,3.077503330027355766e+00,6.542915258081816177e-01,-2.962104839234155573e+00,2.774346169163179332e-01,-3.136892579741933362e-01
6.529863775020879757e+01,9.761575268279814921e+00,2.992257480335531294e+00,7.261045985079926268e+00,-7.350391885888583943e+00,-1.349842220239109380e+00,-3.035666014989340855e+00,-4.988020883564510122e+00,2.167140309316489599e+00,-3.587182841923555188e-01,-3.373040768782179732e+00,-5.180847457162792713e-01,-1.422613150366172752e+00
6.913605291201838554e+01,2.063301132006810334e+01,2.841843612389323592e+00,2.626379660710732811e+00,-6.090394047498971730e+00,-3.335472350870157587e+00,-3.158536148398422228e+00,-4.077055805131048594e+00,3.343992600754688294e+00,1.354128938139503191e+00,-3.178560461710376650e+00,-1.708964021674071354e+00,-2.831490450425695915e+00
7.145121171001549953e+01,2.251173017943749954e+01,2.508854627319281327e-01,-7.331375714867367777e-02,-4.619000680703016393e+00,-2.834530686293242674e+00,-2.952546391311586582e+00,-4.495857490866341344e+00,2.383597472766273206e+00,2.731834788136559222e+00,-1.534271262680863002e+00,-1.263028963637010005e+00,-2.447598854861673612e+00
7.262039172838915135e+01,2.323930407751405269e+01,-1.257466546615571223e+00,-1.013179481869358023e+00,-4.869040656122760602e+00,-4.061070849762438151e+00,-3.186252522855041125e+00,-4.533540057862973427e+00,2.666131916574289829e+00,3.516232214238145914e+00,-3.186051350001660953e+00,-1.978932181622137687e+00,-9.217863863567704596e-01
7.356648078214220732e+01,2.388371298040453894e+01,-2.036835438033961942e+00,-3.492824494237396493e+00,-3.899912727283444180e+00,-4.732644669882182242e+00,-4.134138089661361981e+00,-3.253723728320157882e+00,2.920490685289837796e+00,4.136040773551311389e+00,-3.686293377516072223e+00,-2.498253652321424045e+00,1.514223124627963879e-01
7.306680777908408686e+01,2.476020819594570455e+01,-2.183596263199440113e+00,-4.385596564599080871e+00,-3.537663997200245269e+00,-4.245258871176779358e+00,-4.741449594538536871e+00,-2.200401451732570290e+00,3.428378175385108584e+00,3.388634890451296400e+00,-3.818688784347889165e+00,-2.201678087676482320e+00,6.330290300086467425e-01
7.346110254551292940e+01,2.455187299534139456e+01,-2.678631820307008304e+00,-4.611738984489586635e+00,-3.841770894573447670e+00,-3.824297482564591899e+00,-3.879346504521581807e+00,-2.114601686553231552e+00,2.745987242574739806e+00,3.338916215627347306e+00,-3.891346772479413740e+00,-3.170350477604856110e+00,1.722142947594425655e+00
7.545476055708643059e+01,2.384022051710272905e+01,-3.629932402931904889e+00,-5.298134778807808587e+00,-3.941969309027178792e+00,-3.708972778048014618e+00,-3.321604649860821379e+00,-2.014348637912133810e+00,2.769316308067193866e+00,3.336834671448662526e+00,-4.331890238601181942e+00,-3.425677098198527393e+00,1.631366805536248021e+00
7.582577676624141816e+01,2.419531914663233962e+01,-4.559539645286043275e+00,-4.898223805066919567e+00,-3.847747832017934577e+00,-3.518224389801284602e+00,-3.378357548791048437e+00,-1.543274679373244362e+00,3.073566810017992701e+00,3.097175522654336266e+00,-4.110131549179763866e+00,-3.317742184704897124e+00,1.490377892639178414e+00
7.715430041629376490e+01,2.333759978085211628e+01,-5.109268657043939399e+00,-4.972043060132788739e+00,-3.610386374556867395e+00,-2.559461549524425283e+00,-4.279599763088686615e+00,-9.334151234661089980e-01,4.036930635583926730e+00,1.961102932538018706e+00,-3.808557206095459780e+00,-2.004743085776009348e+00,6.575924734703395558e-01
7.765611455860000945e+01,2.320033076118803095e+01,-5.986926014184465572e+00,-5.565071833922498712e+00,-3.470246827544428925e+00,-2.599882356446962639e+00,-4.177524900644749017e+00,-1.320104610023969283e+00,3.480368970079004143e+00,1.284954790103171929e+00,-3.299983931516821123e+00,-1.685232302439838126e+00,-3.253169065991223241e-01
7.830489290734929853e+01,2.335261286097636457e+01,-6.571990609249986015e+00,-6.229034485602801041e+00,-2.632927523960324034e+00,-2.533836557853871074e+00,-4.769871108612553812e+00,-2.946620318038043473e-01,3.498651714207899666e+00,1.243029192568077645e+00,-3.143369770586275980e+00,-1.604887728666310354e+00,-2.725573770837105836e-01
7.834544030295860750e+01,2.263988374624496558e+01,-6.703758715024457082e+00,-5.834294310200904832e+00,-2.390692527710960302e+00,-2.785546274380143128e+00,-5.859577239098137547e+00,-3.145762503154382328e-01,3.896623706311567403e+00,1.916609066109807413e+00,-3.157815833521676385e+00,-1.933560371895431063e+00,2.127305371382477717e-01
7.723149652808508847e+01,2.276095563872639715e+01,-6.646129325274926281e+00,-5.581962398922118318e+00,-1.795899093379505151e+00,-2.486235812799020284e+00,-6.887573327128179379e+00,-9.357822756895686211e-01,4.395652464306514240e+00,1.509733566276875383e+00,-2.366282552567389175e+00,-9.384506654536041159e-01,8.749691094935856117e-02
7.682169841989146164e+01,2.320611495882094388e+01,-6.966840403470770937e+00,-6.999749877604939385e+00,-1.876511941367054348e+00,-2.633791985598753271e+00,-6.344831711173278599e+00,-7.907552533225566116e-03,4.215793318764444741e+00,3.605506259785550838e-01,-2.762032467742075337e+00,5.357390646951178947e-01,2.652455873349383597e-01
7.659132878282049717e+01,2.319931015844960243e+01,-8.161258801158007614e+00,-7.604736364106376101e+00,-9.414128001066259799e-01,-2.081255594714484403e+00,-5.578598273264208984e+00,-9.781923286139628804e-01,2.480827546158577146e+00,-3.824807381586312061e-01,-2.253325012183081899e+00,4.175458719735916646e-01,-6.763487415869571251e-01
7.568449699624122218e+01,2.390195927209855142e+01,-7.870150080014279403e+00,-7.393064780305824257e+00,1.164221799525124446e-01,-2.118190894481150277e+00,-5.830757737136009311e+00,-1.425526660820651603e+00,2.669200712549485655e+00,-8.391018874000942818e-01,-2.609605920604269880e+00,2.527652566580063098e-01,-1.555846882818198440e-01
7.441399130710274790e+01,2.307748730186396102e+01,-7.038510842896601893e+00,-7.014135859166265696e+00,7.759795415496482107e-01,-1.044760761772163482e+00,-5.709151209799247617e+00,-2.523613026849613306e+00,2.007146060716808567e+00,-1.595259526448709497e+00,-2.961767708632743190e+00,1.178430356069323670e+00,3.695171821325607397e-01
7.418257648830986284e+01,2.183726277487452450e+01,-6.846649994533331451e+00,-6.459999642090147098e+00,4.075756132329752535e-01,1.302807871114491857e-04,-5.563583453803581769e+00,-3.713861467158035445e+00,1.179379230909953780e+00,-1.089890871092598967e+00,-2.356693857132617698e+00,2.168052198596835289e+00,6.818539906768711356e-01
7.282043990002861733e+01,2.235465304549913768e+01,-7.014026073918507187e+00,-7.596298656541133454e+00,-3.683687445703283658e-01,4.751272336341288982e-02,-5.305554888092907539e+00,-3.937659722104437154e+00,8.125185343421760242e-01,-1.750530264536671821e+00,-2.558542806084150190e+00,2.306695713864155284e+00,1.004221267122984651e+00
7.208543024723108772e+01,2.225821071214480185e+01,-6.403519697190831472e+00,-6.732674027852065812e+00,-8.816049120165121711e-02,-6.403829959791714765e-01,-4.524903193400318990e+00,-3.834748284557081721e+00,1.941351039108851484e-01,-1.368576537353831224e+00,-1.844903348702062074e+00,1.625329190828936676e+00,8.792735641515537770e-01
7.040452831106429699e+01,2.168943119473311754e+01,-4.617262552551337329e+00,-7.362273404264039200e+00,2.111214100875096755e-01,1.554710526892445766e-01,-3.142604341099208831e+00,-2.868865819286071872e+00,-9.545384438496146151e-01,-9.878041278853837426e-01,-2.400585783131608419e+00,4.770652397048593119e-01,5.945133013126951971e-01
6.981567916807951235e+01,2.219713365690683560e+01,-3.317616126707545909e+00,-6.256250851128852375e+00,-2.776798264088476409e-01,4.022125345927490270e-01,-2.384592150377145447e+00,-3.185259499881306411e+00,-1.098343498412088781e+00,-1.569666302114984591e+00,-2.279518038854470685e+00,1.044380661877119643e+00,8.971565530824157086e-01
6.749430142481975281e+01,2.060747983649338977e+01,-2.202213827087316833e+00,-5.739845036162901870e+00,-7.619543831573911685e-01,-1.848535774537937802e-03,-1.787746906053193419e+00,-2.523394989353698659e+00,-2.323371093208045579e+00,-1.794124372566083814e+00,-1.521939534512108283e+00,7.644186757579376490e-01,1.701662717338553732e-01
6.428874683562155212e+01,1.943279164432528106e+01,-1.475005376166839577e+00,-4.786168449431627003e+00,1.036300053483248246e-01,6.595277719484272660e-01,-9.896231725801639678e-01,-9.788910386517367668e-01,-1.335859942140971590e+00,-2.434920061022907145e+00,-2.820528309305931458e+00,6.305120710340924584e-01,9.833035311202095174e-01
7.911232140491688369e+01,1.747390546725705041e-01,-1.749914068319900595e+00,-2.333109988842377636e+00,-1.648180654274163714e+00,-8.317522139462000252e-01,-6.022426006901888673e-01,-9.644546181359787695e-01,-1.163283971978881004e+00,-1.013562345828012079e+00,-7.730065909521097733e-01,-3.856377620401684747e-01,2.757086143648657117e-01
4.803308525837587695e+01,1.907287857015380617e+00,2.038117812322899791e+00,2.265245289431038866e+00,2.175221527870583760e+00,1.644305872657180867e+00,1.596162599387738412e+00,1.193653086699370425e+00,9.004306044560630440e-01,7.294332739119520070e-01,4.373151307909238783e-01,2.571220633645858109e-02,-1.780798911457686096e-01
3.557839970614259073e+01,7.438798363288542381e-01,3.784464076388796894e+00,5.866096736434663228e+00,4.749742155034353708e+00,2.738485481943818467e+00,2.207194785798167302e+00,1.407769208841141984e+00,2.317759423895108029e+00,1.211226863903544393e+00,6.776781425483904275e-01,2.058001540801986384e-01,-2.806147807195767951e-01
3.590853363068449511e+01,1.561798959437955103e+00,4.580803353511063492e+00,6.060146780544606315e+00,5.157925706134764532e+00,3.078560694506876416e+00,2.885076978125048708e+00,2.804017383751533199e+00,2.052571605506995134e+00,6.699671378453239123e-01,1.208792790221211756e-02,1.373238869385980110e-01,-1.021906302882190420e+00
3.510159734359090322e+01,2.689373547851055868e+00,4.473991287865468180e+00,4.683295792137772473e+00,3.968154071509073511e+00,2.479476235785426752e+00,2.467998962240266270e+00,2.688112360489938180e+00,2.280334115260603589e+00,2.224646019908435690e+00,-4.943452253826526865e-01,-3.482769387659173099e-01,-9.889821226111721320e-01
3.470423916554595678e+01,1.664316082198928015e+00,5.116699529686443704e+00,5.247860422023594040e+00,5.209303504738408641e+00,2.939870259917852113e+00,2.569541351748142244e+00,2.126567245175894350e+00,2.026208621014634392e+00,1.543477766613120972e+00,-7.725535899694543351e-01,-9.697193153005733146e-01,-1.460027912876940892e+00
3.526036264803429532e+01,1.679988493266793892e+00,4.045015164762200577e+00,3.746130550383338864e+00,4.676092664806945187e+00,3.269530137197097286e+00,2.747458906178009030e+00,2.359515489887569206e+00,2.139837930766208984e+00,1.476916096519229393e+00,-6.977762483533479498e-01,-1.454496932698047029e+00,-1.606423508737937045e+00
3.582183626590383341e+01,2.251149290773733380e+00,4.968858112924422699e+00,5.253460380541218555e+00,5.586615194189377576e+00,2.773116908162220451e+00,2.092049377581420178e+00,2.105221108917858519e+00,1.936111070071113494e+00,5.054284153027099880e-01,-1.721104525221307302e+00,-1.113541249732041383e+00,-3.193029614116933979e-01
3.532088205353657884e+01,2.166636641288830489e+00,4.722034215128624979e+00,3.586790495074877683e+00,5.096659230178132383e+00,3.154781639059775156e+00,3.852647217416517389e+00,3.155550305866003047e+00,1.882857055266851987e+00,8.407630152892495712e-01,-6.656493626323071178e-01,-1.265427732133969085e+00,-1.433875110390702812e+00
3.442353372342766704e+01,2.079907849559645694e+00,4.365676064025993952e+00,3.263482267479094645e+00,4.756197826958043606e+00,2.549935940014947722e+00,2.122849436194314432e+00,2.168241988334334014e+00,1.337037910267713903e+00,9.090963098936734044e-01,2.762130349617950564e-01,-3.514154151051632757e-01,-1.212007621580651673e+00
