4.616753336826599252e+01,-8.942903339565845044e+00,-4.679089606386235722e+00,5.634979881221734210e+00,-5.029468850639283950e+00,2.175212377789872864e+00,3.393529629728143426e+00,-2.648593441257939052e+00,2.796610210932291007e+00,-2.194726437600202640e-01,-4.242447724057988090e+00,6.357829834581287809e-01,-1.084891970069834066e+00
4.413139544064728170e+01,-7.390575739441419323e+00,-4.553383472949461996e+00,3.605160253600947051e+00,-5.153317775676878654e+00,2.918124013426123819e-01,1.453708057730293657e+00,-2.297215106120236161e+00,1.729422944801194850e+00,1.887160175656187391e-02,-2.886605242619427969e+00,7.234278339479196518e-01,-1.995612260291367956e+00
4.384672517891361565e+01,4.199575124275071403e+00,2.480948589421170691e+00,6.027145012246147182e+00,7.339630887355947930e-01,-2.006942030214823536e+00,1.218257783620776413e+00,-6.618082153443020921e-02,1.999492990748608090e-01,1.486172998889584429e+00,-1.268973605464030485e-01,-5.643501462158734966e-02,-7.016980203217129120e-01
7.099322788332553102e+01,2.330214365020212242e+01,-2.499138830962019497e+00,6.310052035533613157e-01,-2.097756810127517468e+00,-7.743636797760638402e+00,-3.668313450633145401e+00,-1.578782131036733150e+00,2.839219579018632533e+00,3.299794071454431155e+00,-2.267570503922510916e+00,-2.079704513309508673e+00,2.333384434470255897e-01
7.254532138526987239e+01,2.538623821569742134e+01,-2.876878563170100822e+00,-2.594574554774590425e+00,-2.061471145099985858e+00,-6.247882655949897668e+00,-3.856766909131688070e+00,-3.126955826596192201e-01,2.564028981488004177e+00,2.371936678984332136e+00,-1.746209977072474162e+00,-1.743531685414844601e+00,-4.703495443946255072e-01
7.415518548280135747e+01,2.534967115331411236e+01,-5.364668381655896212e+00,-4.050198416862348161e+00,-1.706100948030383035e+00,-5.674962132836100182e+00,-5.557255958307156796e+00,-1.512219097008961066e+00,3.335864744379624103e+00,2.731151347605178081e+00,-2.508375120912349043e+00,-2.550275194041250248e+00,3.530683199227323543e-01
7.579449736067930132e+01,2.468613050107557783e+01,-6.964747766922084971e+00,-3.678101681451474203e+00,-1.986290634652463805e+00,-6.048852694470313374e+00,-4.423395947938668193e+00,-2.055995541272954252e+00,3.747610244061248430e+00,4.278924204892879501e+00,-3.245862807275324613e+00,-3.540589410223638822e+00,1.546230551292111288e+00
7.639646510258204160e+01,2.575242522869280037e+01,-6.550234619874708564e+00,-5.177660343006438737e+00,-1.813420800463058535e+00,-4.359403277777172292e+00,-4.523460394236989757e+00,-1.837154954572961296e+00,3.948178384375711669e+00,4.341823067309820594e+00,-3.108937189570088577e+00,-3.320763315641363178e+00,1.828158200330280092e+00
7.592147792429331332e+01,2.539856401527941898e+01,-6.458996588912775394e+00,-6.033683572913144388e+00,-1.814850095542861919e+00,-4.331617810326344298e+00,-4.617266251163908208e+00,-1.622470025253933912e+00,3.594836163233937842e+00,3.783418631982404801e+00,-3.023090572266585507e+00,-2.942819226697680701e+00,1.809825742892219314e+00
7.662929884812383818e+01,2.466614274213813118e+01,-7.186101594905519363e+00,-5.061933356265785555e+00,-2.588498679742870845e+00,-4.622927969548330296e+00,-3.919679664614107217e+00,-2.079850801466267551e+00,2.874151541872786098e+00,4.961997489347964141e+00,-3.471646936761078273e+00,-4.118260302220763336e+00,2.096679559031762174e+00
7.627051039374572383e+01,2.475146884291779514e+01,-6.327402224805052988e+00,-6.071984836037043642e+00,-2.943236752692611979e+00,-3.724596598429954497e+00,-4.660604146755657595e+00,-1.769747530175196593e+00,3.955525218434831736e+00,3.630113844576454696e+00,-3.603875314373905070e+00,-3.370363686959250593e+00,1.210697742502080843e+00
7.559258191442494024e+01,2.501554605178147739e+01,-7.069199799293174991e+00,-6.802666450960623834e+00,-3.105680810411139081e+00,-3.408383516517704770e+00,-4.638731860367258264e+00,-1.255355168701145052e+00,3.505797024920757288e+00,3.247389954131939760e+00,-3.916635391018249646e+00,-2.843072087019701488e+00,7.756428152754691885e-01
7.628556941514051459e+01,2.435030699519351671e+01,-6.884311410044475110e+00,-6.904327290452722643e+00,-2.867904915329501314e+00,-2.748214420464105245e+00,-4.033657845054208657e+00,-8.553086089975198147e-01,3.236073852263272599e+00,2.233392824346915884e+00,-2.994370499251215900e+00,-1.598446886647263865e+00,2.126686384087847492e-01
7.677355341205613115e+01,2.439282202268824662e+01,-7.221274206030562581e+00,-6.531581026994293104e+00,-2.464442952387725594e+00,-2.814350869402733046e+00,-3.291598643338252472e+00,-7.698273117655686504e-02,2.804517479783346090e+00,6.081448237078334040e-01,-2.211774923111188951e+00,-8.618678044540609706e-01,-7.675394326042051310e-03
7.607181233268870812e+01,2.386256466990112202e+01,-7.986736214942612655e+00,-6.898278743243223765e+00,-1.766785099959769179e+00,-3.134670666906235859e+00,-3.931057159705634074e+00,-2.043624555162691925e-01,2.270357362096493858e+00,-1.934984212535437453e-01,-2.095807227342997958e+00,-4.497475313461746782e-01,2.878884918088367995e-01
7.607871209119123534e+01,2.257375965037772758e+01,-8.543281500302903453e+00,-5.709739660157190144e+00,-9.336284008827784309e-01,-2.568677286853024988e+00,-3.899560148016318895e+00,-1.447164777969947247e+00,1.698540094243483400e+00,-9.548296504646618388e-01,-1.944266139187544429e+00,5.144922881843300155e-01,1.201745214037852963e-02
7.628069520457900410e+01,2.228142675079543977e+01,-9.288727428768536853e+00,-6.306781149384665497e+00,-1.351268712460097499e+00,-2.459618506086081346e+00,-3.979678781101065876e+00,-2.033228903720292191e+00,2.065509724789165169e+00,-1.149848344873858341e+00,-2.844233611621663549e+00,3.359757451876246859e-01,9.455896214180710135e-01
7.663869726389707182e+01,2.089699395212739930e+01,-9.231222399448986593e+00,-4.875978025444166697e+00,-1.404150388659755277e+00,-2.200545885510473365e+00,-4.402723224417021797e+00,-2.812679552492014956e+00,7.363076917012697509e-01,-1.132231710315565687e+00,-1.595200759792275269e+00,1.280364646686023677e+00,1.189524056401295216e+00
7.636043658784927857e+01,2.022095298411131026e+01,-8.885207770582075781e+00,-5.216626302224250722e+00,-1.891525370724458366e+00,-1.556818639417790084e+00,-4.190902556327300132e+00,-3.067671654959736482e+00,5.263028459478625437e-02,-2.696209766492213333e+00,-2.418309369327722891e+00,1.865871670657996084e+00,2.197810280039945496e+00
7.391184844634729245e+01,1.972024810769301340e+01,-7.867422397606391726e+00,-4.848760867693968635e+00,-1.927104069939622910e+00,-2.249089723384043005e+00,-4.346160915915601386e+00,-3.015264054849204900e+00,-5.427116579241890726e-01,-3.050149146684062007e+00,-2.764426780677627704e+00,1.903551321872925639e+00,2.708012895199816139e+00
7.190565143590411878e+01,1.964464823422171591e+01,-6.524853617882969026e+00,-4.349554289397300266e+00,-7.596218247627060105e-01,-6.221542054468293115e-01,-4.641449027102320990e+00,-4.369986806864708306e+00,-1.655089537297061431e-01,-2.025057647716000275e+00,-2.715067479029250830e+00,2.146459520047022007e+00,2.299750351022638917e+00
7.093793478553438092e+01,1.921926193432964070e+01,-5.682163716260519415e+00,-3.933002702010045759e+00,-1.504124411710830778e+00,-1.803508105234190029e-01,-2.345712967209733879e+00,-3.761645861358390519e+00,-7.169191144940224580e-01,-2.926828165536181192e+00,-3.175607479396848731e+00,1.430549194989199968e+00,1.909337772790091758e+00
6.986543534398380473e+01,1.872135969810025813e+01,-3.464339456323202171e+00,-3.649742199494162342e+00,-1.631787150464179659e+00,-1.441394210006718690e-01,-1.404536384259280846e+00,-3.387805716998046890e+00,-1.190186071905628307e+00,-2.716828755049579325e+00,-2.748804717497896899e+00,1.523357605848380203e+00,1.929213459754966387e+00
6.618575227194490651e+01,1.909914385111633806e+01,-2.126303004626210580e+00,-3.630351888823404316e+00,-1.157122173813480037e+00,-1.443009985766909864e-01,-9.135776330014948599e-01,-2.364321149283278078e+00,-1.958932586754738026e+00,-2.886992967818178712e+00,-3.225923092209192156e+00,1.610081644210985319e+00,1.813225672254127785e+00
6.325257608214530336e+01,1.828727160607074254e+01,-5.249848117817655924e-01,-3.181353956713889097e+00,-1.976525112307403020e+00,-3.898761742197180413e-01,-1.098654475623159987e+00,-2.274581883510463864e+00,-1.268914624107779776e+00,-2.826963983188772733e+00,-2.680252516232350946e+00,1.074217079825315224e+00,1.534346219683221824e+00
6.056596962403813222e+01,1.800943308647228491e+01,9.437278017458810009e-01,-2.233028977037000651e+00,-9.253226184550067401e-01,-7.126475368435252200e-01,-1.386273990924715926e+00,-3.042077563226298853e+00,-2.302980282981623716e+00,-3.054757078803913561e+00,-1.723071975420953805e+00,1.814310371569369806e+00,1.598822196286655339e+00
5.989667309606122103e+01,1.735925386561077133e+01,2.185897577916836809e+00,-1.956010050624457319e+00,-1.165122264239923267e+00,-1.152939930406022162e+00,-9.085585389780744814e-01,-4.928848604233520558e-01,-1.572750977140632056e+00,-1.798402207347101767e+00,-2.924914721049499455e+00,-2.385940303428297493e-01,1.030074154842064216e+00
5.794664994217500009e+01,1.711885796666193826e+01,2.845449938101444420e+00,-2.117243167557271821e+00,-1.238081174946759955e+00,-1.143136479392672822e+00,-1.966274510220755029e-02,-4.245263251550541739e-01,-1.103803988543502257e+00,-2.469833182075183320e+00,-3.032407891293834812e+00,-1.300188640456174105e-01,7.380625219695820249e-02
5.651450586153435296e+01,1.613638350777574360e+01,3.116265112613613830e+00,-1.317879439385458040e+00,-1.395712243780419470e+00,-1.244243534061107992e+00,-1.226521557318977218e-01,2.168693969185296888e-01,-8.953599454470058117e-01,-2.740798743235334456e+00,-3.909217983944263786e+00,-1.026224625647101041e+00,7.414366535464889107e-02
6.697384146386417569e+01,2.419973732026453828e+00,6.280358037045461472e-01,1.277858940822704514e-01,-9.654275967788283896e-01,-1.115364091612522257e+00,-2.920121094476464951e-01,1.169526068797321385e-02,3.220104752863602315e-01,-1.597136262655352371e-02,-6.417062889538958093e-01,-5.600520950579611634e-01,-7.881782808867426882e-01
6.297500010980093776e+01,-1.486883772405409765e+01,-1.298270253688390596e+01,1.464474263936416421e+01,-2.795356387435516954e+00,1.043016649661498763e+00,-2.681186465051287326e-01,-1.092989034026411038e-01,1.125858760029561090e+00,-5.260598927054996876e-01,2.106594600373003778e-01,7.878205640833186862e-01,-2.080995739208217010e+00
7.424043028301082359e+01,-2.087361476792551329e+01,-2.074287265175005857e+01,1.324564432962120186e+01,-5.454276838858395093e-01,3.383966907870799901e+00,-3.964261836273483386e+00,-2.693502250529489477e-04,5.849313684488264276e-01,1.138403112330798495e+00,5.259164722195412978e-01,-2.163984550319400846e+00,-3.256191435948828428e+00
7.880319269689609030e+01,-1.976086488072788683e+01,-1.897657061881946916e+01,1.234184145043804115e+01,-1.842575804729738032e-01,4.052383594035283920e+00,-4.902503708314872810e+00,5.153688658060530114e-01,-1.151113192942535002e-01,2.752187729560564566e+00,6.004656643714598729e-01,-1.264440653868284858e+00,-1.905613057624718998e+00
7.905887902496817787e+01,-1.635999791868558262e+01,-1.673520350975847748e+01,1.218815010570387969e+01,-1.307662268930739335e+00,3.953023715769814039e+00,-4.001247848420338649e+00,3.999552218792613578e-01,-1.170799536596798252e+00,2.919758116828131467e+00,-1.095368114186304753e+00,-6.854381245097160846e-01,-4.123994463486494455e-01
7.596236116881291878e+01,-1.506482490879973923e+01,-1.799835409095575756e+01,1.216195173897178883e+01,-2.271483434211334362e+00,2.714786923918032446e+00,-3.186327509280191261e+00,-1.841636826339086985e+00,-2.153231044826729168e-01,3.212285210152391546e+00,-5.305175498522557431e-02,-9.185985655095630920e-01,-1.837020800621774752e+00
7.840264642514112836e+01,-7.959273925849895903e+00,-1.749590682269574060e+01,1.030146898563817004e+01,-4.292921665367144257e+00,4.826475722248090294e-01,-3.544289381672683259e+00,-2.881969098660956519e+00,1.801052754751674423e-01,1.930177366093316582e+00,4.085175381638949110e-01,7.816460390319045215e-02,-4.077589736607624138e-01
7.615045837039386356e+01,-4.433496591223499372e+00,-1.532470490614532643e+01,8.899914413989503004e+00,-6.005464761489137437e+00,-1.869204025762157384e+00,-4.631538109535052072e+00,-3.577451576253305010e+00,6.052595592907265010e-01,1.525504604597471836e+00,8.798241983007512035e-01,-1.157757590560380745e+00,-1.960159497860682221e+00
7.297762976001391166e+01,-4.877576619139014191e+00,-1.602129633574338285e+01,8.665339348136429365e+00,-4.588216313836899651e+00,-9.031169563256655763e-01,-3.094508092298394963e+00,-3.618684468073472438e+00,9.097090826937733743e-01,1.143193403643111727e+00,-1.183985743831144744e+00,-1.441748418830946177e+00,-8.486184401040743897e-01
7.039123709961950226e+01,-4.960140562341765147e+00,-1.588701061864300179e+01,8.422759828530612225e+00,-3.674665229295366320e+00,-7.494148251199045374e-01,-1.177295350936418350e+00,-3.323025232672473628e+00,6.111822865594916943e-01,2.223265630743543886e-01,-2.621742180055909532e+00,-1.763051990048180695e+00,-1.084727178734206765e+00
6.717379481616323744e+01,-5.330122614891825705e+00,-1.573915725244655306e+01,8.315039459390746401e+00,-2.517455074379493229e+00,-1.195652002827286564e+00,-1.055436880402079503e+00,-3.301356291878809746e+00,6.158018270586318454e-01,1.466559408920690366e+00,-2.307886806982947459e+00,-2.188735068692043484e+00,-2.694576402275651317e-01
6.320298513605865764e+01,-5.593265902642712284e+00,-1.424671928311315305e+01,8.565055718985771449e+00,-2.882258442942754684e+00,-1.386552129693336299e+00,-8.226887760875638556e-01,-3.304547018669238945e+00,1.492392044984511612e+00,1.452734171370626104e+00,-1.170925111971959032e+00,-5.822452861365928767e-01,-3.413174325966714107e-01
5.760556908342553584e+01,-7.083794832344443293e+00,-1.316524304998224437e+01,8.032334199239347328e+00,-1.630702523689137706e+00,-1.295104617136108693e+00,-7.572452653853750659e-02,-1.440512397064331429e+00,2.512054519941081310e+00,1.177659084225282093e+00,-2.103016281872406967e+00,-2.598623615535261000e-01,5.346138450677386800e-01
5.714625941405763143e+01,-4.465413079327237078e+00,-1.207055351395492870e+01,5.500752020120773800e+00,-2.345068813813565356e+00,-2.504570698172846832e+00,-2.166206595207537111e-01,-3.410081936412373782e+00,-1.619120213558986054e-01,-2.637823699473185526e-02,-2.444475239156429502e+00,-6.244210816948806420e-01,-8.867911921524228580e-01
