6.129183013702327543e+01,-1.862311317641541208e+01,-1.014075523012392743e+01,9.620723540661263229e+00,-7.268116166420011126e+00,1.401271244425429607e+00,-2.044690242566474581e+00,3.129671626159504338e+00,2.366142399679262986e+00,-1.224292192041111171e+00,-2.586489985774499178e+00,1.055768556861907959e+00,-1.019248786942296148e+00
5.758681351842045615e+01,-1.663176919137235998e+01,-8.911005805883439379e+00,1.090105899185794769e+01,-5.410489138765856687e+00,1.495205975857323288e+00,5.924850932311528373e-01,5.082937967421947700e-01,6.966977896071080423e-01,-1.921958406711626877e+00,-9.929969255362793845e-01,1.794936561125278329e+00,-9.729202479603424325e-02
5.583969674026449326e+01,-1.706724559667527430e+01,-6.546606214193475992e+00,9.839610886334195783e+00,-4.756332861059187955e+00,2.043927497533531312e+00,9.022677695185515878e-01,5.177870235859455272e-01,2.386564515935369002e+00,8.997758384295244660e-01,-2.591945024831319611e+00,8.436347977466149839e-01,-2.042680832107889088e+00
5.316943144925329534e+01,-1.558351940244771505e+01,-7.167345130152320998e+00,8.446446704099491498e+00,-6.768453658302508558e+00,8.754693570487268595e-01,4.587955188666233419e-01,-4.722778501509719562e-01,8.782706253814088759e-01,-1.805540014744528091e-02,-2.783349832332899343e+00,1.052940764374832083e+00,-2.013357837020948615e+00
4.995615854831602576e+01,-1.461394731516886836e+01,-7.902899204973849123e+00,8.140463293681285961e+00,-5.156984441756279125e+00,2.083212464768800842e+00,1.322697223449251558e+00,-1.263180487951779840e+00,8.118434624957954204e-01,-9.302575877254576353e-01,-1.404517104207305467e+00,1.076284733287591999e+00,-1.869633732674767401e+00
5.044869892423284341e+01,-1.567014128487611302e+01,-6.604129624470482796e+00,8.256112602042540161e+00,-6.216418689762563510e+00,2.455733989180788335e+00,6.927515599747307018e-01,-5.686500570697576862e-01,1.759101996523066758e+00,-1.692631941247291882e+00,-2.294235412289921783e+00,7.877388934811102583e-01,-1.791284909448725760e+00
4.611974258329356502e+01,-1.494239647163733942e+01,-8.789850939718531819e+00,5.158752514411110823e+00,-4.744053402112360374e+00,1.529653798231916051e+00,8.602857729976753909e-01,-1.523924440917078016e+00,2.312705233012144201e-01,-2.233274077677714242e+00,-2.421744577280883437e+00,8.138333013937297800e-01,-1.710384867314725055e+00
5.413475509869837055e+01,-2.817837683582101960e+00,-2.521066365489900818e+00,5.933819033265892884e+00,-4.521000067409270962e+00,-3.459730767975094379e-01,4.827820299661370052e-01,-1.058355078404352501e+00,2.384134302160721419e-01,-2.626268472378289420e+00,-3.853713167365977021e+00,-1.056013234253752042e+00,-2.418831730625924603e+00
5.373192368199092073e+01,8.649796643045756239e-01,-3.053183252730670372e+00,7.059431709194817550e+00,-3.535402932395059317e+00,-2.868442166973514063e+00,-8.490016307780403615e-01,-2.864869758417669221e+00,-7.232852843209180982e-01,-2.643103380977099626e+00,-4.727028376000575349e+00,3.183254997032349820e-01,-1.732873125506729561e+00
5.442955107570402618e+01,2.313796079002867767e+00,-2.724834383961092232e-01,9.061357483186139206e+00,-2.107032813937367521e+00,-2.406078609038501959e-01,7.064628848363951885e-01,-1.433169149592977698e+00,-8.685068193176775919e-01,-3.510611509104728967e+00,-4.460452087850613978e+00,-4.715304336804274077e-02,-7.608133291021424993e-01
5.297821892829872326e+01,-1.799925765545570489e+00,-2.396418699842186140e+00,9.417307177963776255e+00,-4.368141924270032561e+00,8.405917172697208173e-01,3.604439003898109561e+00,-1.792917195573114908e+00,1.675046913759501876e+00,-8.471765237937106674e-01,-2.314086976340047119e+00,1.729712966296604870e+00,-1.058709518873073741e+00
6.031813054647111727e+01,-1.015274476484145438e+01,-7.429599209012812899e+00,1.325078933629680122e+01,-6.744210784055257868e+00,1.624105892989643474e+00,1.729996376814970205e+00,-2.452534679148818064e+00,1.239400482536076709e+00,-2.218846811936488805e+00,-3.723490594035299694e-01,1.531121480226998788e+00,-2.400471051703497061e+00
6.541739824201906117e+01,-1.683903363386723839e+01,-1.016845176799967732e+01,1.411625408534395021e+01,-7.393693678860977059e+00,3.388336821971522639e+00,1.784678077624899162e+00,4.664540774136333723e-01,9.295244848799016912e-01,-3.497616196487661533e+00,1.479422393520470225e+00,1.162523067207547056e+00,-2.466033206681126799e+00
7.164681771230438301e+01,-1.466165987672331994e+01,-8.975598901596114843e+00,1.504035488680031030e+01,-8.522718689427613015e+00,2.122814187550181586e+00,6.727689155266677323e-01,-1.228541152474902504e-01,5.709740509837788469e-01,-1.448839853961648494e+00,2.121583420904522566e+00,-2.144491346620981120e-01,-2.599401561937397798e+00
7.066322366241058717e+01,-2.073847136957591175e+01,-9.044715462746305334e+00,1.342759891247747817e+01,-8.896750781229000538e+00,3.590673612056105135e+00,9.104022555497236491e-01,1.449798538965218597e+00,-1.551788214970546420e-01,-5.864111924946148191e-01,1.303285633461586102e+00,-1.050852626544041435e+00,-2.769831586665040035e+00
7.531135265295208114e+01,-1.789334171007162766e+01,-7.288778276013167634e+00,1.339951167887931582e+01,-9.252487053970261499e+00,3.104484133181773853e+00,1.447122412183637630e-01,-2.969104181572684853e-01,-9.872725219917710682e-01,7.659385183407424469e-01,8.152683908358657749e-01,-1.211754242489289979e+00,-2.661390421574355347e+00
7.483056083701787031e+01,-1.981905028802172097e+01,-1.026054249498088922e+01,1.217352995252128700e+01,-6.567042748223454574e+00,4.098119248623333988e+00,-9.912674487987261918e-01,5.958198113627578563e-01,-1.305636056724599481e-01,3.798812255049705544e-01,-4.865124679886128067e-01,-1.088807360096487820e+00,-1.640770550030268726e+00
7.483363367229921437e+01,-2.146300723327052040e+01,-1.018656652929501760e+01,1.146281263372939208e+01,-6.094731344379547444e+00,4.179101085166151641e+00,-1.042030867354787338e+00,-1.862690255387879079e-02,-1.435003989172337624e+00,1.224329321307341623e+00,-2.809513246318698365e-01,-9.768444972127825476e-01,-2.582781424461070507e+00
7.577963286936119403e+01,-2.182428826541985956e+01,-9.512785397695731504e+00,9.614885174844497229e+00,-7.613283550920502130e+00,4.591370636483841139e+00,-8.650120089861165207e-01,1.975009287726953167e+00,-2.109353677509858027e+00,1.071843468514760200e+00,-1.422484012445297763e+00,-6.713753664167314561e-01,-1.992844707536219007e+00
7.632776497888769995e+01,-2.248012691367347315e+01,-9.824097870947069211e+00,1.028581534654325402e+01,-7.560258194379213315e+00,3.183389074292057419e+00,-1.284056750382555956e+00,1.261725575834597546e+00,-8.098462568248169235e-01,1.443967540308852548e+00,-1.488940809575736823e+00,-1.286984504724798972e+00,-8.841224399467136896e-01
7.805292830501568346e+01,-1.876715161936860810e+01,-1.008996110006513724e+01,9.789474239726629889e+00,-6.947803506921942152e+00,3.642387662029012318e+00,-3.333930797214193387e+00,-7.682347611058804038e-01,-1.947706966928905992e+00,9.879496549398468774e-01,-1.321791235292051558e+00,-8.808749837315852371e-01,-5.310317376811251044e-01
8.051358374967352916e+01,-1.418593404662192903e+01,-1.094477168146764434e+01,9.357892917471323457e+00,-6.755031622420018422e+00,3.751458197348580548e+00,-5.295221736460531403e+00,-1.881638197009974922e+00,-2.350187390700773982e+00,-2.217873343628141702e-01,-9.503758642867039530e-01,1.950755953895804695e-01,3.257717077449529541e-01
7.657482501478021675e+01,-1.297064064350701784e+01,-1.173106473900951308e+01,1.000576687386587338e+01,-4.756777183486537552e+00,2.447701023514767371e+00,-5.210888825211622333e+00,-1.936287510968133674e+00,-5.186054906135974946e-02,-4.288398506941674959e-02,-1.277668469394199757e+00,-4.294385358056316826e-01,-1.247310702210458061e-01
7.852635874546180617e+01,-2.703943133758483164e+00,-8.192076092900935080e+00,1.175665127241838803e+01,-2.742877718370936968e+00,4.063978145893559102e+00,-3.717574399717655353e+00,-2.670215891838588096e+00,-1.839442053092339713e-01,-1.353359014558741746e+00,-3.154814891932293808e+00,-1.489004359080015938e+00,1.476378509028067443e+00
8.185977771243906886e+01,1.080432533384305671e+01,-4.534796429056247469e+00,8.291916766746309619e+00,-5.102441981220549039e+00,3.515913093986535731e+00,-9.064249499380261366e-01,-2.151830375543756002e+00,-1.505661929189465731e+00,-4.353851661344235957e+00,-2.778426068559949336e+00,-1.148334593011157478e+00,1.095632149981929038e+00
8.403339282839571922e+01,1.576329890618223573e+01,-5.642639639932183648e+00,5.036739395499638228e+00,-5.047468270660023570e+00,2.963615757557249264e+00,-5.517560294138857957e-01,-3.282159991210325423e+00,-6.868089363122428237e-01,-3.971805399580136786e+00,-2.917800047503504413e+00,1.573820039521594272e-01,3.099648004884655306e-01
8.841445332020272474e+01,1.713042186722158533e+01,-9.296043819436782485e+00,2.068543742590413625e+00,-3.366680885526819544e+00,2.680458977611881899e+00,-1.816116102634581786e+00,-4.811665556424830292e+00,9.727960037493168510e-01,-4.470599454153643570e+00,-3.996132222273915957e+00,2.412498592089499905e+00,-5.646665678145137424e-01
8.940896591989350384e+01,1.860482371156167147e+01,-1.094159447715277445e+01,-4.315796995881786974e-02,-3.061179997629538629e+00,3.000677611026822067e+00,-2.679947260534416120e+00,-5.874864966741332850e+00,1.145618463904557460e+00,-3.846446969997457721e+00,-4.760355577445123387e+00,3.626424388230637508e+00,-2.329219046201139454e-01
8.868159115305392959e+01,1.923145340599723951e+01,-1.050211605453027275e+01,-1.546208980180158177e+00,-1.681050043969821939e+00,3.194185810290167016e+00,-2.823368404812607313e+00,-5.333986857154952688e+00,3.751202452129756004e-01,-3.776356025741658407e+00,-4.014072056126500421e+00,3.698189432003741839e+00,6.624811144762836612e-01
8.647218467281990684e+01,2.059003115247999460e+01,-1.057657274142059478e+01,-1.874939561056573334e+00,-1.143865973657754553e+00,3.068940260320348834e+00,-3.080956067833872769e+00,-4.385909836967432085e+00,4.031112240355841370e-01,-3.440459689139121480e+00,-4.192539624929034758e+00,4.271944587585077890e+00,1.273137148902618199e+00
8.703770125266758839e+01,2.006301099835406276e+01,-1.123122118413038883e+01,-2.683498055774130808e+00,-2.297505401484787602e-01,2.316215917880771524e+00,-3.150863903429972801e+00,-3.370764221980723008e+00,-1.809435341701494560e+00,-3.485672174627351350e+00,-2.249936307800320279e+00,3.560835567478688457e+00,5.027642979099433695e-01
8.720553316323484694e+01,1.966826316193654023e+01,-1.285198399227731869e+01,-2.578143674871198332e+00,9.861692329192031092e-01,2.381576938012137212e+00,-3.558870697959873652e+00,-2.532568113713311142e+00,-2.678271035172907322e+00,-3.563310009568839476e+00,-1.694059004873455176e+00,2.885780109250632552e+00,5.083437953218827854e-01
8.459378424707630018e+01,1.991920147250607798e+01,-1.163248052320229675e+01,-4.242371787220706736e+00,1.944089226984604402e+00,2.679273296046117192e+00,-4.495115379193356020e+00,-4.643778949599482786e+00,-1.468818583147036394e+00,-3.962785933743606659e+00,-2.403688015189620053e+00,3.062043917551418915e+00,1.803550599443167202e-01
8.336260366798906318e+01,2.033893173913825336e+01,-1.174093032194115160e+01,-5.519939656090377511e+00,2.101038558262157352e+00,3.612409656134838887e+00,-5.674036015487033957e+00,-4.237687698643557432e+00,-2.115412459102202103e+00,-4.125415545798212236e+00,-2.904332196645655451e+00,3.049205023511257995e+00,6.399277501063102003e-01
8.222642209899350974e+01,1.989853078445402801e+01,-1.141963812201093198e+01,-4.873833869018912246e+00,1.955849300867435581e+00,3.090866069474325961e+00,-5.399013239271017284e+00,-4.199211543770695165e+00,-2.018636106280768505e+00,-4.756466956165184889e+00,-2.478869840580733452e+00,2.534877149394575202e+00,4.640341998467549800e-01
8.107643573356919831e+01,1.928475512933106017e+01,-1.145911519154461189e+01,-4.575596945599492038e+00,9.328346388190208449e-01,3.090549356175846363e+00,-4.837905364439675004e+00,-4.414764055063089110e+00,-3.193072961587655634e+00,-4.313482479449215923e+00,-2.406994235980234542e+00,1.679915380396402202e+00,2.377396676540670939e-01
7.855089406815676512e+01,1.907646837560542252e+01,-1.105493797212985463e+01,-5.159818349987117081e+00,1.450525225853362077e+00,2.537630131724899485e+00,-4.116302298309998164e+00,-4.241577510775413451e+00,-3.164615673832069653e+00,-4.827326719758043616e+00,-2.364950509479636587e+00,2.275690563333607752e+00,-9.455335899432230906e-02
7.676228837706162267e+01,1.949231072151972910e+01,-1.078144603704358140e+01,-5.741267931809778347e+00,5.889136181698617634e-01,2.099203947989642494e+00,-3.861495305608035444e+00,-5.228256977162407892e+00,-2.866989388348116563e+00,-4.225112056573439467e+00,-2.639127974191173287e+00,2.940808043841808495e+00,5.223818500848554924e-01
7.524351240211434799e+01,2.026615507717927045e+01,-1.015484375643030823e+01,-4.861575056698447916e+00,2.007469905912551145e+00,2.104016355420931017e+00,-3.239913634372656670e+00,-4.108638667731891125e+00,-2.430318921270469001e+00,-4.024323454560435387e+00,-2.120866771757193181e+00,4.049074971212676566e+00,8.193300801432950031e-01
7.181316826659934804e+01,1.650716650064149249e+01,-9.681556196816659465e+00,-4.930413710936721650e+00,2.169531552195945512e+00,1.243498212932707681e+00,-2.978781778014029324e+00,-3.003991152923928709e+00,-1.824871635959789629e+00,-4.815580202651369213e+00,-2.238158687924838297e+00,4.947757607768378918e+00,1.826963595890068737e+00
7.060942447823263990e+01,1.787559361628037990e+01,-1.043653206886390983e+01,-5.615201152696042364e+00,2.890804959606993574e+00,1.644160262060416544e+00,-3.105724003924866583e+00,-2.214482289154311445e+00,-1.446140696795082947e+00,-4.699980126627033350e+00,-2.588484569141790814e+00,4.388638825779342056e+00,1.961899273486932271e+00
6.615359649629614580e+01,1.475257757979671069e+01,-6.803168117639554424e+00,-3.161049930170622968e+00,2.189444252743518060e+00,-1.802377766436199791e-01,-2.981999329859819525e+00,-2.981415767950520213e+00,-2.939733068827260709e+00,-4.178853931733934601e+00,-2.695218468031924886e+00,1.877712232069658205e+00,-3.417983695508196029e-01
7.145510457178369279e+01,1.819441222077454157e+01,-5.304488745494600366e+00,-2.340833375127750582e+00,-6.391739749927972669e-01,-9.822584627673963675e-02,-1.767897739482555908e+00,-2.572181272888392378e+00,-1.494318553194171173e+00,-4.781588589848889903e+00,-2.734087124132988045e+00,2.652800236968396508e+00,-6.921464354647451911e-01
6.996934866641799999e+01,1.741408802922658694e+01,-5.770218977578651653e+00,-2.139911684097113298e+00,-1.605290637578995483e+00,-6.118292012240836852e-01,3.206902696031604383e-01,-4.262438498096298156e-01,-2.254025394870069920e+00,-5.167196266231879775e+00,-2.442487371981784339e+00,1.467891833949246827e+00,-2.143442877517190759e+00
6.969518922189153898e+01,1.273604262222346328e+01,-2.622095485032074791e+00,-8.388257638470134614e-01,-2.635250210993232312e+00,6.251256485470789714e-01,-1.118891675153277643e-01,-2.119763054535957758e-01,-1.535548106850134653e+00,-3.393723114873788305e+00,-2.904074151292461714e+00,2.926587811432184161e+00,-3.657113497122957413e-01
