4.861002854841430576e+01,-1.103964348569734888e+01,-7.058672588919777446e+00,1.125941055964085891e+01,-6.551376285739360483e+00,1.660435075079813583e+00,3.715877874800771696e+00,-4.222388248238251762e+00,3.447358234305500702e+00,4.191985708454582654e-02,-3.122968384460979685e+00,6.124962865058215522e-01,-1.557139908478018642e+00
4.967811997575535798e+01,-1.366842524180296436e+01,-6.688265005271636809e+00,1.095187912358561988e+01,-7.180038095469882364e+00,3.236976380580424362e+00,3.880593252753260280e+00,-3.275542662115929815e+00,2.707057323877994470e+00,-1.801595260303540780e+00,-3.668059207147512879e+00,2.310281384213908606e-01,-1.991607770582152881e+00
5.173698642889281984e+01,-1.324232818252424515e+01,-5.871817968021595391e+00,1.221580454913308778e+01,-8.038376430252869298e+00,2.818877686490633305e+00,2.742509797529508297e+00,-3.921637256867123167e+00,4.012300472093215831e+00,2.093244424383220170e-01,-2.326260546098592119e+00,-1.015282575031389023e-01,-1.788566302494858151e+00
5.200019226696487351e+01,-1.272088962723057470e+01,-6.153126801570534710e+00,1.177013874267089300e+01,-8.389114512057910034e+00,2.841564469617354316e+00,3.553931632617495229e+00,-4.843459885655313713e+00,2.398278799075857393e+00,-1.427475284634433184e+00,-2.606096448506345364e+00,-1.013641797673412448e-01,-2.853410789061337827e+00
5.304659014986502541e+01,-1.417039464482679634e+01,-6.093923619074507414e+00,1.146268977601301486e+01,-9.186548327473316178e+00,3.723723772463609638e+00,2.290942974821352784e+00,-3.527515366311711364e+00,3.691241442797131178e+00,-1.064956744648982934e+00,-8.494893718315374986e-01,8.797090582361291045e-01,-6.005148972791192197e-01
5.436585246888143530e+01,-1.549111537024265495e+01,-6.678807616996859764e+00,1.348632933407069778e+01,-9.506465919556788435e+00,3.813634410473274894e+00,2.384905582653101153e+00,-3.576126829740575275e+00,3.372594003909390903e+00,-1.191511354516388010e+00,-8.140043491316656388e-02,-2.246739673118925973e-01,-1.392340873456242578e+00
5.548043360892366849e+01,-1.671673059813228335e+01,-6.738759483139316053e+00,1.486211842706289232e+01,-9.655633802883965444e+00,2.859634862415704415e+00,2.442956082245987925e+00,-3.127780642011265488e+00,2.686774300160267082e+00,-2.928006118961822279e-01,4.123324381781977993e-02,-3.350129885860288481e-01,-1.318975724510095926e+00
5.642938519010488108e+01,-1.641010922022594443e+01,-5.575590544858340714e+00,1.481637684185229631e+01,-9.681280275079036102e+00,3.010974742088108336e+00,2.352410875690376546e+00,-2.530111420740765116e+00,2.538074371665212325e+00,-6.399998597142714241e-01,-3.935325900149127532e-01,2.911041422003964318e-01,-7.978521914055808351e-01
5.701430276660585150e+01,-1.995845178109984275e+01,-6.254661905758418960e+00,1.373693547463930642e+01,-9.991458381856073601e+00,4.768094200696402218e+00,1.467144952375119438e+00,-3.126210561160912782e+00,2.145923118251171768e+00,7.627090864385187574e-01,-1.593169239900635858e+00,-1.637121340171810546e+00,-9.303716205094110236e-01
6.194560090956274934e+01,-1.805885376406130405e+01,-6.114097290315081423e+00,1.377089209071890785e+01,-1.046888291796295434e+01,4.621307481691501629e+00,-2.089918655218968302e-01,-1.569389768658611128e+00,7.934225165316990402e-01,-8.586921385563924813e-01,1.514205845262048822e-01,-1.578914837923563574e+00,-7.143526968140843092e-01
6.447565579094241173e+01,-1.816250123582212694e+01,-6.388393728056108500e+00,1.372126494592898105e+01,-9.655875126910613560e+00,4.516838212330064550e+00,1.007556200772711241e-01,5.006609264167563578e-02,3.803639484611346377e-01,8.700024289129727473e-01,1.036291119179431286e+00,-2.159291060877094992e+00,-5.013921156191657458e-01
6.529503050391762997e+01,-1.545777554300591383e+01,-7.836912307137982481e+00,1.306153508149135334e+01,-8.376553420565537422e+00,2.727066727581121786e+00,-7.671406965563271063e-01,4.897253600933829110e-01,-4.454161643188858100e-01,-1.185175021000210771e+00,9.284090643048817926e-01,-7.381428504083498154e-01,-6.703359994093754937e-02
7.104227887761565796e+01,-5.259058127073910960e+00,-7.110906152613796216e+00,1.177272107737556617e+01,-6.582175888375211947e+00,2.462957327917555617e+00,-2.852084798874492844e+00,-3.274549277540961256e+00,-1.880134834113917686e+00,-4.645285902756719487e+00,-7.299499269374403188e-01,-6.546027575816535382e-01,-4.116813995743813237e-01
7.418979978237030082e+01,7.372447476243495501e+00,-2.535851185424168541e+00,1.062388691805781349e+01,-3.983795991860570318e+00,4.005600647346390986e+00,-1.563109992985873831e+00,-5.042229096896917895e+00,-5.788767282322623275e-01,-3.384859254955882246e+00,-2.019360495641622677e+00,-1.680994041615379020e+00,-6.398949911673890156e-01
7.638248265937372139e+01,1.505107181880125644e+01,-3.203176133618330201e+00,5.001915258247609408e+00,-4.379943609913365954e+00,3.551675771982023111e+00,5.314249642982230570e-01,-5.307417699861019855e+00,-4.906547321375038240e-01,-4.197041049876157004e+00,-4.163565226550634435e+00,-3.551393263962427382e-01,8.423143652404778692e-01
8.237036568849622142e+01,1.798543370195192637e+01,-8.862232465527943859e+00,2.216374636959130839e+00,-2.516051700375436351e+00,2.559767287127550528e+00,-2.454253293748868359e+00,-5.525209011218298549e+00,2.372382155740340171e+00,-4.011216046503228938e+00,-5.767303459540494615e+00,1.579374066874228433e+00,2.721078495141539544e-01
8.408890402430964173e+01,1.862797549649619100e+01,-1.054381122198388354e+01,1.023157357849388882e+00,-2.658177546168774885e+00,2.216776569524770313e+00,-1.685728525490287399e+00,-5.599481169610460718e+00,1.359043485160928100e+00,-4.210841342037598523e+00,-6.201019597038473385e+00,2.153927391119593526e+00,5.297169754131233477e-01
8.472947052194092521e+01,1.941628312491659614e+01,-1.076902621079410771e+01,-4.909007477126647312e-01,-1.756943327029402369e+00,2.513227170432120516e+00,-3.053595593533549479e+00,-4.216885549705727598e+00,8.051400042674554669e-01,-4.582540956133461130e+00,-5.270698400419697727e+00,2.915408671390056217e+00,1.701511406300957596e-01
8.523154772212005525e+01,2.082243577979779658e+01,-1.197506424085650956e+01,-2.232225376828161245e+00,-2.113604423895149853e-01,2.214886698826066702e+00,-4.359427939144502773e+00,-3.671287365221048926e+00,1.482562512203148941e+00,-5.384110602491004371e+00,-3.970454005883773174e+00,4.127548194678380078e+00,4.875890522081817724e-01
8.536430415169860453e+01,2.023402293285766262e+01,-1.169835959534782788e+01,-3.256175207158915175e+00,9.746069718607044408e-01,2.523358021180694521e+00,-4.180296717613861901e+00,-2.863315386499640347e+00,3.119899898812025230e-01,-5.101048220121753296e+00,-2.898656850766378135e+00,3.838219107913019013e+00,9.546133699580453547e-01
8.678874543376315387e+01,1.879973686639787900e+01,-1.241544933867671752e+01,-2.575553465217777394e+00,-6.523477403512022432e-01,3.225297096262210061e+00,-3.338007932189084315e+00,-4.090593349721701522e+00,1.274815741140546521e+00,-5.861812908044919723e+00,-2.602074139988802770e+00,4.142712148127261074e+00,2.711640546915116690e-01
8.428557880356197529e+01,1.924575483569292800e+01,-1.317845103612749824e+01,-3.173609342290097501e+00,1.386725668515586429e+00,2.392343329010684361e+00,-3.825117991326474343e+00,-3.082970136343244683e+00,1.312249819186504518e-01,-6.870202700276070829e+00,-2.295668968794349230e+00,5.175613676895914672e+00,4.226085027369259617e-01
8.174204515608613519e+01,1.758458123767436021e+01,-1.093649929559464873e+01,-2.363859635884844934e+00,1.809388736199746495e+00,1.846524306753167144e+00,-3.669332817425670079e+00,-3.459691767432935716e+00,-1.661927594977394840e+00,-6.496254422133443285e+00,-2.143584437730563508e+00,4.206464306940016940e+00,1.774821542171801936e-01
7.692243058639471087e+01,1.823456848359713689e+01,-1.056033403667649395e+01,-1.736880050443405432e+00,1.107272774001122118e+00,1.293985543147648354e+00,-2.658878545144567784e+00,-3.446935782324505926e+00,-2.175260675362387541e+00,-6.317749724061611616e+00,-3.301231189736422600e+00,3.890522367583094887e+00,-2.775603337925373060e-01
7.145708433449777885e+01,1.721927761159482628e+01,-9.220410334115891615e+00,-2.831147658834094027e+00,2.620459168221144441e+00,6.612658070843390190e-01,-2.347491133021316845e+00,-2.889576135455161232e+00,-3.088140927925711487e+00,-7.207169406525307132e+00,-3.762094607300066951e+00,4.214288379181405197e+00,-9.538148108998320551e-02
6.983150681068029542e+01,1.849602519001820156e+01,-7.756063485311459615e+00,-4.053163087779648954e+00,1.901908992921570674e+00,2.144275359140153103e+00,-2.258132805975672230e+00,-2.044897038542015544e+00,-2.080962367920077938e+00,-6.948104675619083181e+00,-3.263333951168772451e+00,3.840029320223479647e+00,5.242266231443675206e-01
6.910933868264525870e+01,1.940244771891016740e+01,-6.168104501498388181e+00,-3.583603412147677858e+00,1.816098731962578761e+00,1.621085642336889787e+00,-1.331383519263735105e+00,-1.391882678434905651e+00,-1.723400696382710429e+00,-6.003221651819484528e+00,-2.692695572727998865e+00,3.294339582833877511e+00,1.391222498172065176e-02
7.107526697356266254e+01,1.886306502414416641e+01,-7.842315085082136150e+00,-2.999918425900025110e+00,1.682952235545424502e+00,5.761993956603821410e-01,-8.194307256825921204e-01,-6.466796243475245731e-01,-2.259074976816889180e+00,-6.320764149445269986e+00,-2.557034618270979554e+00,1.695085575036720194e+00,-8.604264674215624797e-01
6.995549818422047395e+01,1.902209635919782826e+01,-5.546247779624163599e+00,-3.307042680980929017e+00,-7.030311485020910300e-01,7.041102872289839443e-01,-4.988717928137709201e-01,-1.277992829568592503e+00,-3.456102058015269041e+00,-6.165964747429759640e+00,-1.834483806051082411e+00,1.471778141966085141e+00,-1.147671414831251235e+00
7.150093393747975767e+01,1.923537204000865231e+01,-7.374441147211196146e+00,-3.250339720552768874e+00,-3.453200639966992891e-01,1.536478795573373024e-01,-1.623989801142710743e+00,-1.548892790374832185e+00,-1.820061024703616193e+00,-5.905469245760277985e+00,-1.187398090600515044e+00,2.221105596966631790e+00,-2.262907042392025669e+00
7.104832121217546614e+01,1.808446366661589266e+01,-7.400995565944500143e+00,-4.738412613706584509e+00,-1.899184899153885997e+00,6.854592732804665189e-01,4.526657476098013277e-01,-6.455572117018739675e-01,-1.534970259553661842e+00,-5.383177564537287907e+00,-1.981667118101413383e+00,1.601680703079213064e+00,-2.118649190084295864e+00
7.075604621150162643e+01,1.669554420137695416e+01,-7.059722398329719262e+00,-1.660252044118514902e+00,-3.045636243366929286e+00,-1.992787295694176786e+00,8.385523498997267122e-01,-9.718755963041794677e-02,-1.564315079169270151e+00,-4.579821364377322013e+00,-2.439926713117901713e-01,1.405387657607083174e+00,-1.667308292425004224e+00
6.655178060268657703e+01,1.496020374503119932e+01,-4.316559384194692761e+00,-1.017928920961830963e+00,-4.394142461955116374e+00,-3.313418091493858686e+00,8.407161886404730389e-01,1.121095209566242534e+00,-1.956943091745932284e+00,-3.692388891263005402e+00,4.359791161979170160e-01,1.475288338234826746e+00,-1.622581909132717826e+00
