5.408542494794043876e+01,-1.455653035406080775e+01,-6.570927241881771685e+00,1.202875824853414777e+01,-6.974452328253944344e+00,2.142883430508734310e+00,-7.906051982932125188e-01,5.519924235843075809e-03,2.823556524297065273e+00,-5.336843127273488641e+00,2.408124086820961907e+00,-7.158550254115989553e-01,-3.754391579873200602e+00
5.595190851448175096e+01,-1.830917792641217900e+01,-6.717082858931103573e+00,1.545765980175719179e+01,-8.130596941298037450e+00,2.355314793729521572e+00,-9.645582506467833550e-01,2.420163601565564981e+00,3.641854276169117277e+00,-5.933054884892060343e+00,2.904057749103563957e+00,-1.545132638432668015e+00,-4.292607650681220299e+00
5.925220577601488969e+01,-1.721625550988000697e+01,-7.163954221186982885e+00,1.517639624983610780e+01,-8.641057813600717452e+00,2.807606967830564404e+00,-9.137949259954389891e-01,3.420208792087577887e-01,2.419934144118288444e+00,-4.805545769525138233e+00,2.765795236539789759e+00,-8.257340662531561515e-01,-2.166454373516078391e+00
6.587148809803670702e+01,-1.428629451222565372e+01,-7.038836414981089362e+00,1.483779691013343438e+01,-9.425154245115058060e+00,3.323945484696005259e+00,-2.157357795867471228e+00,1.315228706297852712e+00,1.808042439844983251e+00,-4.570906419917946550e+00,3.075576214707420597e+00,-5.727120234654482500e-01,-7.447415840716838931e-01
6.250991104519101071e+01,-1.743353511281754464e+01,-9.388698843750287182e+00,1.556637973481130999e+01,-9.332430829203749667e+00,2.894859661006503604e+00,-3.017872263451560233e+00,1.309472133737271449e+00,2.802279887655022339e+00,-4.975164404097678350e+00,2.639200704614498516e+00,-1.506591495039315831e-01,-1.703495441101192887e+00
6.441779410154165930e+01,-1.271255125913127593e+01,-7.867753345166126344e+00,1.473588573823516157e+01,-8.600730619374358454e+00,1.920575752366145084e+00,-1.038489814929708155e+00,1.247044380672082786e+00,1.322980543400784637e+00,-4.378215607253679309e+00,2.898029750288432904e+00,1.998529496662388716e-01,-1.669868054478830244e+00
6.029613911584282704e+01,-1.238093361530078695e+01,-7.642115883720209446e+00,1.386072173060976276e+01,-9.399098878922993450e+00,8.289611055956297436e-01,-2.550117753209036664e+00,-1.509390333584917254e+00,8.522174788622109975e-01,-5.046331496067432809e+00,2.280867322811185538e+00,5.231641957201310644e-01,-6.317881579250782531e-01
5.666379660358433057e+01,-9.218978935883122006e+00,-7.944918401712122602e+00,1.062097377349047100e+01,-6.341507524242175009e+00,1.510754215232610331e+00,-9.591289137925993469e-01,-2.304184699547150661e+00,2.133199115481680064e+00,-4.587130179475836123e+00,7.868212768123380441e-01,-7.874084883045432415e-01,-2.711942176653135750e+00
7.046973226552938740e+01,1.125200732951181060e+01,-2.677441541097730138e+00,6.229727095339876008e+00,-3.801455712463314374e+00,5.498024746991722722e+00,-1.780591869275939931e+00,-5.936495167887843927e+00,-8.187916837781985535e-01,-7.570046763670673862e+00,-8.270549886433167242e-01,1.603428860328491412e+00,1.739717954755590212e-01
7.749881127822759197e+01,1.802031282704092519e+01,-6.083859237262428721e+00,1.206254671590869521e+00,-5.489542087630575606e-01,5.637933577118051431e+00,-4.076756897899574739e+00,-5.844378347880470947e+00,8.685588286517528234e-01,-7.167436938745272990e+00,-3.259977851881859401e+00,1.842383382661453073e+00,-3.909323368812695487e-01
7.862151755432353184e+01,1.933077514545642828e+01,-6.941102526439843601e+00,-2.467288746572931235e-01,2.215943023856429939e+00,4.557979303242083446e+00,-4.008540597917841453e+00,-4.753610866614493169e+00,4.487505939889500639e-01,-6.175322215489198463e+00,-3.415934067685682418e+00,2.155703743473583955e+00,2.232035015788673415e-01
7.879862972413786792e+01,2.113642235915605028e+01,-7.650054271401740991e+00,-2.327411847900045849e+00,2.896120266249553321e+00,3.893664213220545012e+00,-4.886301607261476221e+00,-4.335440982794461107e+00,-2.755387667754863878e-01,-4.699525406881226886e+00,-3.872485941073044113e+00,2.050957377895501033e+00,-1.258427610508266146e-02
7.863598942062212416e+01,2.148918311541125092e+01,-7.459358400398368616e+00,-2.882134972185335098e+00,3.521218160486608184e+00,3.012338133582664224e+00,-4.714209890466383612e+00,-3.670014552066465541e+00,-1.152061204727992338e+00,-4.201864855998167947e+00,-3.349174331135926330e+00,2.019950650766069167e+00,6.215928160161019456e-01
7.825632395164009836e+01,2.140354708297055808e+01,-6.990919598814634206e+00,-1.492729319484856099e+00,3.474435808519617641e+00,2.310148908780553345e+00,-4.704277800918232444e+00,-3.764482341700145174e+00,-1.356586618353452067e+00,-4.007973200447365159e+00,-2.920006232953769931e+00,1.464773992247266010e+00,-7.947416431442649865e-02
7.725937626438199857e+01,2.114427912789815522e+01,-6.488348870176072758e+00,-1.818555275440999930e+00,3.831035642828835019e+00,2.488019369435241934e+00,-5.034077481932964560e+00,-3.935877763997686074e+00,-1.926625348960557149e+00,-3.968937144559384400e+00,-2.912846289151913126e+00,8.051479857708327970e-01,3.928389522669057943e-01
7.578504799039028228e+01,2.018593710951557085e+01,-5.705894694480786455e+00,-1.992165149139289326e+00,3.692239644326466230e+00,2.990571147037482724e+00,-4.106435514639682260e+00,-4.422758157202698825e+00,-2.703940626818464033e+00,-4.638843756468506108e+00,-2.412899661732183620e+00,1.325466817017774135e+00,-6.579586955827947392e-01
7.260148342594344228e+01,1.857232643173723119e+01,-5.098024994766180207e+00,-8.774442208773854945e-01,3.959471972810519436e+00,3.442379420934655876e+00,-3.742425098698981767e+00,-3.867941601826073494e+00,-2.895089547046452605e+00,-5.460890197655335676e+00,-3.412783181423252543e+00,1.120575127599791943e+00,-1.831567958511382266e-01
6.930368363760715056e+01,1.796419500157353255e+01,-3.677055991828255266e+00,-8.947861582990773721e-01,2.912418258425768514e+00,4.287535081425239092e+00,-2.336692373039607418e+00,-4.104387804929603867e+00,-3.592394811233987628e+00,-4.726418989923033998e+00,-2.260270585000911936e+00,8.579236883614465015e-01,-9.812155809591993627e-01
6.585627764603714240e+01,1.332555379109305349e+01,-1.297265499112024711e+00,4.201633836696093138e-01,9.605198856722710898e-01,4.456362553206203891e+00,-2.037378086022861634e+00,-3.371247976205407948e+00,-4.538034198261624574e+00,-3.964189792279394275e+00,-1.380741244797052181e+00,1.740172618991937092e+00,-1.464805771722486272e+00
5.956432972259341341e+01,1.098211312336750645e+01,-1.458108389088354773e-01,9.183002180493374245e-02,1.958622971206686048e-01,2.898515292416051548e+00,-2.857355905467379831e+00,-4.979592228822904865e+00,-4.607704322288936005e+00,-4.615586671128614427e+00,-1.642109479142124684e+00,1.044203107880987469e+00,-6.851440961450452338e-01
5.435332011653853357e+01,9.747091340394577585e+00,7.976886866300131329e-01,1.305694115717568327e+00,1.378734940800102615e+00,2.594604380394805343e+00,-9.291749951432834997e-01,-4.293290849978099288e+00,-3.883640315511164509e+00,-3.578602433353986978e+00,-1.106921109158404137e+00,1.112539450856831591e+00,-4.251346560683686993e-01
