5.455474364930517339e+01,-1.278543740751883462e+01,-9.457261166425267263e+00,1.402414166487679736e+01,-8.069964904919414650e+00,-2.878844208073049193e-01,4.904984842025389646e+00,-3.648098569432079774e+00,1.686129380979470405e+00,-7.690514344825627457e-01,-1.534318589102166008e+00,9.898246091851201633e-01,-1.508785336503450925e+00
5.976637973406735682e+01,-1.470391512130409239e+01,-9.948269453627640146e+00,1.483995304988067154e+01,-7.434354576024607475e+00,5.664989981940316000e-01,3.636484494432985937e+00,-3.022176799699005656e+00,8.868877641230207276e-01,-2.643740748752356207e-01,3.613619547619187355e-01,-5.948792512783441788e-01,-2.449680480145988604e+00
5.990163220732823390e+01,-1.662874520675753232e+01,-1.026141573122112227e+01,1.510983080346340834e+01,-8.886836730505637050e+00,7.729767342796131091e-01,3.058926844739392248e+00,-1.742509633067002461e+00,-1.392396339151489304e-01,-3.047803802525598238e-01,1.030543148886195137e+00,-9.237581855870701242e-01,-1.083292194285495613e+00
6.062578287968436541e+01,-1.695179271146156808e+01,-9.781605764301268380e+00,1.537337114616768652e+01,-8.663703651415833207e+00,2.834433678048264849e-01,2.419226740998829950e+00,-2.274093882325836979e+00,-1.049385858442871466e+00,8.780398378217739719e-01,9.516116587934605464e-01,-1.829685577676561259e+00,-6.985417547213034206e-01
6.133256853205595149e+01,-1.778895273890084994e+01,-1.034408160378647068e+01,1.583688690406348520e+01,-8.854741354473459225e+00,5.821991071255344652e-01,4.285148927820214837e+00,-1.342041117083523361e+00,-8.185597539516277221e-01,-5.822631181559286689e-02,9.964350272770330363e-01,-1.197495680385485262e+00,-7.314432868339260096e-01
6.462611703502210503e+01,-1.553048664656091482e+01,-8.943419147474331865e+00,1.641611798815731404e+01,-1.025599918660339860e+01,3.366198158599435497e-01,3.807045518303642684e+00,-1.268674704368421002e+00,-6.070751603317471323e-01,-6.808805911852972015e-01,3.946531827348569998e-01,-3.359316139258199385e-01,-5.840482660786855407e-01
6.656000051911227899e+01,-1.587768251084311011e+01,-9.718392667554335063e+00,1.609326025528708826e+01,-9.197354538638666810e+00,1.014110148305440440e+00,3.349419748562059596e+00,-2.385865502420610351e+00,5.341667161202440922e-02,1.353373013444044703e+00,7.066125960823366192e-01,-1.010688197680700950e+00,-8.682936057543406694e-01
7.139963619438096032e+01,-1.328499892409149119e+01,-1.354605542999533441e+01,1.365146130861638873e+01,-7.734932619814943955e+00,2.877959750969699027e+00,1.884042437310373685e+00,-1.769231223086800364e+00,2.504324039145045533e-01,-5.971738735177207769e-01,4.608179372845566668e-01,-7.310046517010518885e-01,-1.141727017194913013e-01
7.125293727849009429e+01,-1.073235469669094755e+01,-1.285898454702128646e+01,1.198026554909357344e+01,-7.472619570190938809e+00,1.150821779705401005e+00,-4.149786498074725105e-01,-3.359700525854577347e+00,6.354585910184327169e-01,-1.555213785552022276e+00,-1.201104246214168420e-01,-7.407480515216023631e-02,6.038890081174150826e-01
6.559463360461404591e+01,-8.231995703399507036e+00,-1.247997045552552642e+01,1.089228906387363693e+01,-5.342900237185546075e+00,1.332414853145346800e+00,3.982356653754541287e-01,-3.836316217834743192e+00,1.183714666678764571e+00,7.208212679869785422e-01,4.322649243311649792e-01,-1.322322273132897186e+00,-8.730179090202389025e-02
6.268074331545185629e+01,-1.943984328613513446e+00,-8.048026770100833005e+00,9.895583863538220726e+00,-3.460927424315991541e+00,2.255237772588061240e+00,1.923307175922600809e+00,-4.784451628169843040e+00,1.934179671518009291e+00,5.974957865909132915e-01,4.418930260987031788e-01,-6.894766118979257508e-01,-7.414224716820073668e-01
7.373421690324335032e+01,1.291125656844863201e+01,-4.583374344902366282e+00,8.021825795161342754e+00,-4.220009180643145008e+00,-2.107939590634048788e+00,-4.679178418735516765e-01,-3.351514233427900447e+00,2.278357719230045042e+00,-2.052181124008564339e+00,-2.544935856121690154e+00,-5.939058249466517836e-01,-1.636464362895369673e+00
8.034894687286424642e+01,1.717137567482285831e+01,-9.439834313245768271e+00,4.428661450569544300e+00,-2.119441071242817998e+00,-3.908477661445310058e+00,-1.932367299141903416e+00,-9.778259862683242876e-01,2.932224136194686359e+00,-3.142252291841327594e+00,-1.681876071413630935e+00,5.989785738914926716e-01,-1.659151673366997759e+00
8.115165692989039314e+01,1.911974994276759077e+01,-1.200891455892293003e+01,1.133352671362799935e+00,-1.297149871421635181e+00,-4.307804714935266510e+00,-3.261017603934635911e+00,-3.375429471208597071e-02,2.208071083338668306e+00,-2.689006581862177558e+00,-1.447153363485158550e+00,1.265273309028320137e+00,-1.322765516509529116e+00
8.172976349607134239e+01,2.097783557413517386e+01,-1.170974041950090871e+01,-1.992968133424389832e+00,-6.839128063536875635e-01,-4.056533419583409739e+00,-4.539234745830596829e+00,7.058295213987901828e-01,2.659625268979365131e+00,-2.470537035981778651e+00,-1.461348239134020677e+00,1.229154055859981831e+00,-6.998456761193241338e-01
8.108573617681338419e+01,2.201405526423268100e+01,-1.253163457983099960e+01,-4.417434109054390490e+00,3.613897755721561800e-01,-4.048621990384682512e+00,-5.041959348872006252e+00,6.870070790915709935e-01,1.089608135130368805e+00,-1.488950207544652571e+00,-1.271072401964648657e+00,-3.211780870029922602e-02,-3.886704708319663193e-01
8.085192011454807925e+01,2.173499727123517289e+01,-1.241791762040960734e+01,-5.788547246759736531e+00,1.349153950179770856e-01,-3.966645509947900550e+00,-4.811497504760346544e+00,1.642871121650653521e+00,1.038090382649019539e+00,-1.686158280955535993e+00,-1.735204200021538412e+00,-2.329428375450153244e-01,-3.831768145134759607e-01
8.026548691090115994e+01,2.230655644154596118e+01,-1.276444495788667055e+01,-6.610117324867613497e+00,4.065354157167193616e-01,-4.281757513986947927e+00,-4.568005685205648092e+00,2.162120398766933516e+00,8.790030810492615032e-01,-1.854533594518742445e+00,-1.481824941095506665e+00,1.909057120641366179e-01,-6.271584970579405782e-01
8.063223265099215098e+01,2.244061251672304635e+01,-1.250151260601657555e+01,-7.276877288032190805e+00,6.268554821580240022e-01,-3.555180189745282160e+00,-5.193744345277234942e+00,2.413636119092251509e+00,6.384236228040789385e-01,-1.374374055561220942e+00,-1.082272705021293691e+00,-7.625704276029239559e-02,-6.445456498012822610e-01
8.187912262961782517e+01,2.143028367618206786e+01,-1.228797725122502804e+01,-7.338751766977541280e+00,-1.592335186235027331e-02,-3.246487184244525981e+00,-5.101263760342363618e+00,2.058916890569359559e+00,8.269006668036358310e-01,-1.890635796397857504e+00,-9.306501257957774387e-01,3.472956384922785689e-01,-8.328195191229397221e-01
8.144147482979420261e+01,2.240768763354081727e+01,-1.305198035811828028e+01,-7.964337174618653314e+00,8.868302889850696383e-03,-3.195624424526554819e+00,-5.557439378750268055e+00,1.293117912965606964e+00,8.670955020908569510e-01,-2.108446877454597246e+00,-8.458103555772199522e-01,1.159229503994662208e-01,-1.236495950256631726e+00
8.233502744052111666e+01,2.179851027866301649e+01,-1.234318784378951150e+01,-7.527212177487624167e+00,-9.878427918111208628e-02,-2.761606038800478391e+00,-5.228722810907986407e+00,1.480492300531719652e+00,1.012947989745105692e+00,-1.641118580160031870e+00,-1.209157671276544166e+00,4.422291975159139965e-01,-2.846206810212452143e-01
8.194797826317008571e+01,2.165604343007749222e+01,-1.196403111243358630e+01,-7.131085019992934093e+00,-3.603123628945339996e-01,-1.635894348733005987e+00,-5.275040102907675887e+00,1.142000783509196538e+00,1.153302229998595774e+00,-1.253298421182579281e+00,-1.024189219341887780e+00,8.303045747207091209e-02,-4.790404985470657628e-01
8.226016874051101979e+01,2.144845350301327613e+01,-1.230260754559227898e+01,-6.248681619350882066e+00,-5.389465259326158275e-01,-1.803473009644540825e+00,-4.781878338037701681e+00,5.198621964735629097e-01,8.129251223461106957e-01,-1.595213458045256161e+00,-6.083200287633729886e-01,1.762874071363017617e-02,-7.144812955818891087e-01
8.360010314581560920e+01,2.035656340460080216e+01,-1.176373995429122132e+01,-4.781511570988696391e+00,-2.291998855987434247e+00,-2.923742531659794253e-01,-5.157883482552763077e+00,-7.909705867486483966e-01,2.221748602950409435e+00,-2.481843191446325037e+00,-2.188147453548560106e-01,1.172745196539505125e-01,-1.450841153422591345e+00
8.306669641696669260e+01,2.033735392294462940e+01,-1.134161203982271537e+01,-4.520273872869617904e+00,-2.682875296777993412e+00,-1.356387948779542302e-02,-5.125454524025791159e+00,-1.793676662104617403e+00,2.171033311413446576e+00,-2.268265071856984783e+00,-1.967149523680333245e-01,-3.345352077945227404e-02,-9.516104040329727010e-01
8.132020728203372073e+01,2.062148227787057664e+01,-1.154222539043847462e+01,-5.303727729134103619e+00,-1.309968634778182484e+00,-8.384313273732508787e-01,-5.777145252881223492e+00,-1.944448797030520870e+00,2.047949438974019376e+00,-2.349150378087205837e+00,-1.281287742966495724e+00,2.373958148706196702e-01,-8.299701050330878793e-01
7.972374189626216889e+01,2.052871970816390501e+01,-1.111617670915871336e+01,-5.391934803611316163e+00,-1.690016455593431832e+00,-5.370538860052331831e-01,-5.903718663486550611e+00,-1.894043257248750445e+00,2.050164074043836937e+00,-3.092723560701771124e+00,-1.665484509625203779e+00,1.086382948261934139e-03,-1.070916214428940805e+00
7.869672181453850612e+01,2.124907741684747720e+01,-9.717177844887174842e+00,-5.761198985895877200e+00,-4.926796352659655598e-02,1.378438469775745967e-01,-5.862827645483036143e+00,-1.000241084358690857e+00,2.267147128814073653e+00,-2.356565881458749789e+00,-2.213986975795173784e+00,3.699382514994711824e-01,-6.588521825023481160e-01
7.893858829742823957e+01,2.055017236985586493e+01,-9.807127416217104710e+00,-5.265093616447944491e+00,2.494965213957769934e-01,5.865206041517592173e-01,-5.509264251076579910e+00,-7.674172578744025142e-01,2.355250794877960185e+00,-2.382291544070930023e+00,-2.461260050708152569e+00,4.158051132084640278e-01,-5.875564404531314899e-01
7.956578652044075284e+01,2.015547557489906438e+01,-9.962234482711949113e+00,-5.008220026223594523e+00,-2.396762947858131487e-01,9.519396017693281253e-01,-4.710677202773138283e+00,-1.326908618299186049e+00,2.345080747597728443e+00,-2.007364000012399341e+00,-2.542289270508538923e+00,9.046773518546120663e-01,-7.500121477835868244e-01
7.996825866160985186e+01,2.036022023970576456e+01,-1.067798436529714934e+01,-4.389587831294101683e+00,-3.809924446367307094e-01,8.079650427082516462e-01,-4.339013155878565620e+00,-1.495874310149660324e+00,2.320992733024674681e+00,-2.368857281240384083e+00,-2.433760620972802879e+00,9.479930986605790144e-01,-8.771164583274682069e-01
8.023209506948334990e+01,2.021254949229600228e+01,-1.075944032579388399e+01,-5.298084355238335874e+00,-3.128869646157885764e-01,4.437038897840285268e-01,-5.280743116795995284e+00,-1.629217543865846718e+00,1.946379262527315079e+00,-2.929720190605615393e+00,-2.388360251569262349e+00,9.847458416606555964e-01,-1.475663986864775290e-01
8.014442910435954559e+01,2.027762243319984137e+01,-1.045228415635958896e+01,-5.425745357573254601e+00,-1.198164075257548200e+00,6.263147141450807753e-01,-5.848479758391627037e+00,-2.303926180042885186e+00,2.188807814633585203e+00,-3.048965083947739352e+00,-2.644456219287374843e+00,1.181064529998258728e+00,-1.557504621000329881e-01
8.091644837204893292e+01,1.993487687473581715e+01,-1.061417950306221059e+01,-5.132130531713922750e+00,-2.105846121164219209e+00,-5.771968003273206943e-02,-5.889575782498632783e+00,-3.056898207728574679e+00,2.306410167056449634e+00,-3.662042669634479441e+00,-2.940744879642917642e+00,2.767301223665775023e+00,-1.115308240692836489e-01
8.048186946509106576e+01,1.951393142214354626e+01,-1.096282583978272207e+01,-4.610993624146503933e+00,-3.173734004597500213e+00,8.366232457285710522e-01,-5.373926270569765684e+00,-4.653627753445529258e+00,2.108914287459798587e+00,-4.058717032438032390e+00,-3.187300518457286014e+00,3.211967706833010361e+00,-8.303727820017789973e-01
7.948098811702739397e+01,1.905474556749700454e+01,-1.017724154957285343e+01,-4.465169626175526041e+00,-2.256063562185306459e+00,3.551819397108123555e-01,-5.532507329639095417e+00,-4.246020976866955010e+00,2.630754050349857209e+00,-3.448708299836015456e+00,-3.378006995075454988e+00,2.795112927432783057e+00,-4.551839878996422617e-01
7.749093703399067579e+01,1.961048756585007524e+01,-1.044987935597131390e+01,-4.832717242135077029e+00,7.803165337264321710e-01,9.077102445304234823e-01,-4.745289559388786493e+00,-2.197861572073184000e+00,1.707819947768639768e+00,-3.428304480499220208e+00,-3.392452281276202353e+00,2.939241050557859225e+00,8.961616604356620330e-02
7.229743643285409860e+01,1.843320803260157348e+01,-8.898084054486316674e+00,-5.172271437573964015e+00,1.277820448839875445e+00,1.869579974306391890e+00,-3.302814146861845934e+00,-6.921625542737691594e-01,1.898955805785328632e+00,-2.501655436075648442e+00,-2.894904203800404474e+00,2.388674515883713934e+00,3.776227356915013988e-01
