5.266962518156040574e+01,1.249920565082624968e+01,-7.944246806130496052e-01,-3.750984058687560907e+00,-3.211457525405697844e+00,-1.790723711313881195e+00,-1.712056949956021201e+00,-2.747074101522192890e+00,-1.347506404263634661e+00,-4.488776922008026027e+00,-2.697572753368095100e+00,3.696857110123321188e+00,3.510560857564575699e+00
5.824830283105186624e+01,1.612870201157307903e+01,1.080433996924204498e+00,-1.060895844141582778e+00,-2.060818964198967596e+00,7.249469720417511809e-01,-1.497598500802763133e-01,-2.490875873822905984e+00,-2.160136082368169230e+00,-4.689358664058123516e+00,-2.406977471133580959e+00,4.151455192558169749e+00,2.976115139774026641e+00
6.871805882178476566e+01,1.986533488301923711e+01,-5.078576128922914101e+00,-3.669813469108285542e+00,-6.574268840519031931e-01,2.592171251679898702e+00,-1.193409496404791215e+00,-4.086140807990121360e+00,-1.077234462975837692e+00,-5.490831788403509606e+00,-3.129181725915910928e+00,3.895145738090105780e+00,1.683864743879006864e+00
7.378253297050211756e+01,2.217523975175127404e+01,-9.282459304293828595e+00,-5.854711782840225531e+00,8.283705578255559088e-01,2.799690077721003423e+00,-2.626862316981151135e+00,-3.763936873744879730e+00,8.838488226391040536e-02,-5.229328692062234829e+00,-3.400394415065489007e+00,3.653898496580327837e+00,2.615850675491991240e+00
7.372914623023223157e+01,2.015941735969946436e+01,-8.394993685058890875e+00,-3.285823796087958826e+00,-4.844741508475570307e-02,2.849321006086339203e+00,-2.939945520270234258e+00,-5.376172669088236766e+00,2.056371728020084610e+00,-4.142728471501098575e+00,-3.374804848108258426e+00,4.680325207898484052e+00,2.022512815894335958e+00
7.538573808366317053e+01,2.146240316481505772e+01,-9.309421006280203414e+00,-4.254975409312379497e+00,-5.669755235091080703e-01,4.146856528880260129e+00,-2.338683511048779806e+00,-6.723206871071530699e+00,1.422090870427996645e+00,-4.650522891826765814e+00,-3.568117303903258541e+00,4.083269286522052788e+00,6.336461603164953438e-01
7.340915211722756339e+01,2.082200504954443687e+01,-6.956015649752369967e+00,-3.705369926762153376e+00,-4.108210643297280917e-01,4.341853399804576519e+00,-2.014299561595251919e+00,-6.114498041094234893e+00,1.807178957251376616e-01,-4.412155085794557507e+00,-3.045386212924872993e+00,3.467166490199042883e+00,1.160304562869876488e+00
7.489664246356944943e+01,2.105908852946629750e+01,-7.919145318530228295e+00,-3.917136279482192673e+00,7.951089374204967086e-01,4.729037278950118939e+00,-2.508250477597231409e+00,-6.738259655352166533e+00,-7.392913023109690673e-01,-3.120580796815200397e+00,-2.751123087758409635e+00,2.254443821832058603e+00,1.722583059138328210e+00
7.469779265195155915e+01,2.147564314402914931e+01,-8.384135234045130503e+00,-3.668377546091038610e+00,1.077982445885454776e+00,4.704585534354630560e+00,-3.212860275273671018e+00,-7.297943959592401164e+00,-2.134835828304894045e-01,-3.164941158775512076e+00,-4.132233880652150582e+00,2.458239101495146794e+00,2.115656144124867577e+00
7.667398901572325087e+01,2.137915748172990149e+01,-9.026820747043085902e+00,-4.668726779917537151e+00,3.435498714668869247e-01,5.420824981288289379e+00,-2.834120057092892164e+00,-7.037732401249947145e+00,-7.351806839849350794e-01,-2.998952746317029572e+00,-4.042675660117007297e+00,2.159935675495322727e+00,1.629661692793844541e+00
7.606616968736597073e+01,2.153600861254548704e+01,-9.566887722931221916e+00,-5.220897653894149393e+00,1.621822441198424780e+00,4.433348543396974151e+00,-3.614983470512857622e+00,-7.196476935127797958e+00,-1.355754909390493257e+00,-2.575776699218107701e+00,-4.497357891468602986e+00,1.017609060958313272e+00,2.638372657300669832e+00
7.584903227795899738e+01,2.083363896521303005e+01,-9.615650067490488340e+00,-4.736675588034253259e+00,2.118883679188026115e+00,4.221604645722271343e+00,-3.844868935544392574e+00,-6.928214523759686827e+00,-2.172675162641435787e+00,-1.993932116954209688e+00,-4.132017099061086718e+00,-1.935819221246540545e-01,2.087698546504940911e+00
7.366281629884153404e+01,2.022836267509187991e+01,-7.880836736174503088e+00,-3.580222951556527367e+00,3.628506874830664586e+00,4.898366195914459098e+00,-3.969016835694112455e+00,-6.046237679312900681e+00,-2.085437685711040157e+00,-1.979696604449037611e+00,-3.710090455663559883e+00,-1.413391551073195584e+00,2.136687853392158498e+00
7.272946504461346251e+01,1.904724514369708643e+01,-7.371889223575544214e+00,-2.461342615628692165e+00,4.059203604760440953e+00,4.385273595039423711e+00,-3.448078142647550415e+00,-5.330382459884827284e+00,-2.878739071448237485e+00,-3.124036409653693447e+00,-3.054792116604518437e+00,-1.180255726166386188e+00,1.462693442868735039e+00
7.112497387281398176e+01,1.767709875586178114e+01,-7.065982670180415148e+00,-1.057250923209095417e+00,3.194786437891881992e+00,5.294442742512875277e+00,-1.764077721395269638e+00,-6.225972869628679796e+00,-2.895845461900937501e+00,-3.907932198628068843e+00,-4.443300409777294568e+00,5.706787623351031180e-02,-1.816884012167138962e-01
6.387463112390754105e+01,1.550928953829781598e+01,-5.378409150349599877e+00,-2.465763613928132703e+00,4.102300711334854633e+00,4.361332281825569090e+00,-1.590780367460753464e+00,-4.729350862038850245e+00,-3.458187717845270903e+00,-3.033868818074106688e+00,-2.893374999112485302e+00,1.022824380979811654e+00,4.454695855967391038e-01
5.730493699935788499e+01,1.352181998402564211e+01,-3.335507158938316064e+00,-3.047588195911734132e+00,3.900516337544978729e+00,3.585963412320444910e+00,-1.421611855278960501e+00,-3.969600274619638380e+00,-3.698557990872979317e+00,-2.549285000331562578e+00,-2.741259238259906361e+00,1.591094775585424337e-01,-3.750478587653954116e-02
5.361936800661091240e+01,1.175375177081440725e+01,-1.572232118158487513e+00,-2.628392142750627158e+00,3.212385093268946612e+00,3.424194058263797746e+00,-9.823074288681722388e-01,-3.444417008441078565e+00,-3.227807603562409255e+00,-1.752860075325675115e+00,-1.601671102596216922e+00,7.962894242932845312e-01,1.063387636433006822e+00
5.108475503491762026e+01,1.137748315947776412e+01,-4.476136790514370078e-01,-1.416529336285734075e+00,3.038163599887982791e+00,3.082466052824242020e+00,-3.064485767343331224e-01,-3.684663537779329090e+00,-3.975163241357457800e+00,-1.984623048486392927e+00,-1.349134721631151335e+00,9.086138570022498362e-01,1.033166942191321214e+00
5.275807537993981811e+01,1.011605924357779429e+01,3.149294465670546272e-01,-3.454011774455107431e-01,1.057051410667212865e+00,1.731534286586888349e+00,4.284807896557279450e-01,-3.309776826534965188e+00,-3.055973841844735528e+00,-1.500645081178789031e+00,-6.115631583689281614e-01,2.774645286010509526e+00,1.988253469957773412e+00
7.627942414901141888e+01,9.242150774046283823e-01,-7.722760130471289841e+00,-1.429648851989018254e+00,-9.092506519026542833e+00,1.748602769757236386e+00,-4.549393385833068848e+00,-5.410911317058524794e+00,-2.712649781153061657e+00,-5.297859847879885509e-01,-4.684518541970523309e+00,5.473007161253692354e-01,2.085091319516453545e+00
7.705188734870002065e+01,-2.693236588375333529e+00,-9.142569598012435961e+00,7.195759496639411168e-01,-4.820305277773594632e+00,3.782693998476065911e+00,-4.431528433991152482e+00,-4.264940006106338721e+00,-2.129114781978574733e+00,2.200191110039448339e-01,-3.726596593029039894e+00,-7.931525656696099269e-02,-1.371587523151422516e+00
6.948428187272295986e+01,1.043838072190441224e+00,-9.266365179222541215e+00,1.708338881582357194e-01,-4.537594305988436716e+00,3.325890857638186926e+00,-3.468904727446851410e+00,-5.375749379160891017e+00,-2.839267996529954985e+00,-2.787273931426628160e-01,-2.980340985898165318e+00,5.303081624796166516e-01,-7.960534272196770900e-01
6.359133614949757174e+01,5.533712786923143945e+00,-7.281207402169059151e+00,-6.814385472131705423e-01,-3.534923378635886237e+00,1.614298523293364873e+00,-2.332675580928714520e+00,-4.733895453324588054e+00,-1.087108866116922368e+00,-2.485851856002576493e-02,-1.189519311063170992e+00,1.762797753239042420e+00,9.169896848834524494e-01
6.211221093834095797e+01,1.121029584848701788e+01,-3.211907987680417964e+00,6.151169489553576925e-02,-7.236439118195534537e-01,1.486707612235843357e+00,-1.023692693274737664e+00,-2.957601785229730051e+00,-4.360004143995094283e-01,-5.596696366188275151e-01,-1.383613787339740719e+00,1.368719450286294714e+00,1.893564335146440181e+00
6.079373073142591011e+01,1.323047856978656966e+01,-1.370529153247099341e+00,-1.503700088787636169e+00,-9.105147389035815886e-01,1.134014711822814325e+00,-1.282890027414746559e+00,-2.196563378988390713e+00,-1.331209297948975134e+00,-8.315302960767431140e-01,-1.782629200631016042e+00,6.638782046999987252e-02,1.978634345439032272e+00
5.949247563694526519e+01,1.442995996935396086e+01,7.332447248752093083e-01,-5.000021728774781682e-01,-9.025922197735999353e-01,-4.731249238772485266e-01,-9.186501355714093986e-01,-1.171012559650841611e+00,-1.231293829699704467e+00,-1.183272299575486297e+00,-2.193471652394199722e+00,-1.334220498495132912e+00,2.268765340480474180e+00
