4.913945253937624358e+01,1.211986842837465161e+01,1.812012433995274785e+00,-2.795593143984045903e-01,2.150157439325384168e+00,-1.280532074786906671e+00,-5.015430352086877264e+00,-4.191271103508501739e+00,-2.472547145774501409e+00,-3.197905170452786106e+00,-1.638540716720714663e+00,3.020808650660886663e+00,2.002321058750525129e+00
6.317376814599043655e+01,1.817620881407190581e+01,-4.640381704346073555e+00,-4.472179126512064729e-01,6.442694997250850264e+00,-4.243438252214887796e-01,-6.640587356614773284e+00,-4.789479656628593318e+00,-2.409161181900868254e+00,-5.088072187278380731e+00,-3.003405485668785513e+00,4.933700621229671235e+00,2.740333966050204406e+00
7.019073801214366881e+01,2.107942673189175053e+01,-8.815033825301583192e+00,-1.195697514943092843e+00,7.484124135076617890e+00,-1.018203604476454749e-01,-6.267257092621421499e+00,-5.454668352315611202e+00,-1.703433174674009232e+00,-4.996224515968566315e+00,-2.610277406774560660e+00,5.362617614271719901e+00,1.922084476563213240e+00
7.686430616041846520e+01,2.078157554892066017e+01,-1.029070028812483528e+01,-4.060881088188028620e-01,6.679178435575644279e+00,5.710225672522901696e-01,-6.268835527138291397e+00,-5.084048137644650467e+00,-8.938735368764481048e-01,-4.063192335189564908e+00,-2.819001931409078843e+00,4.282810050902265075e+00,8.905324897626907266e-01
7.723880903882655957e+01,2.248851487076429834e+01,-1.089393506143541401e+01,-1.344117920820475875e+00,7.840445690879512597e+00,5.178015019740961344e-01,-6.677885325370814584e+00,-5.070667820113237134e+00,-1.814826942555900491e-01,-3.449830863178498408e+00,-3.738236390690577782e+00,3.964652111839944926e+00,1.269041848494907088e+00
8.147453836111814951e+01,1.961153028647426666e+01,-1.117780115514741901e+01,6.817862432387279403e-01,6.308912014099821164e+00,1.147643624946708130e+00,-6.111291385246504504e+00,-5.992481621128508351e+00,6.771519729894359685e-02,-3.500340930905793346e+00,-3.290508946868084372e+00,3.643272897168748248e+00,2.465070783317501180e-01
8.252764804287117784e+01,2.025049782486361138e+01,-1.243552879550141199e+01,2.190988573998347899e+00,5.846803241628369285e+00,1.916644607072226947e+00,-4.884507704520582472e+00,-7.980727872965323932e+00,-2.217919810371318801e-01,-2.383268360435863098e+00,-4.212950881920832558e+00,4.468978767651838879e+00,7.451298080049614247e-01
8.242293136031682366e+01,1.908522533242118868e+01,-1.175916809881304737e+01,1.469202489981851878e+00,6.871914721080090160e+00,2.500045465699852976e+00,-5.938275314913258107e+00,-7.446781162259298092e+00,-1.157531784574768796e+00,-3.243227296267581661e+00,-3.581492164562728675e+00,4.718961879489637745e+00,9.172816964738190748e-01
8.096511000082327314e+01,1.862510944204349528e+01,-1.238390959933989066e+01,2.463482668124639563e+00,6.968365136191883025e+00,3.475443510459467866e+00,-6.327131001092043405e+00,-7.900408954832385255e+00,-1.025888782818757283e+00,-3.821610997329177639e+00,-4.093929038929509545e+00,4.539272775731119758e+00,3.046483377072595894e-02
8.014129926413495753e+01,1.662855177326142098e+01,-1.139577653042086247e+01,3.295405641220321424e+00,7.678551165489968966e+00,3.939389312333994031e+00,-6.627653179475106349e+00,-8.601861021892752035e+00,-6.886142373764152502e-01,-4.246890963417745191e+00,-4.577176231588630628e+00,4.547918081457294370e+00,-2.926016656878793754e-01
8.030523143291968324e+01,1.653570942206780359e+01,-1.144444719809657229e+01,3.682123669597832549e+00,7.073829252267538337e+00,3.835301173304259681e+00,-6.525674977966314572e+00,-8.682359922590125123e+00,-1.071977961685283143e+00,-3.810520305635911598e+00,-4.169626843146850170e+00,4.680778911892288008e+00,-9.879175933385180020e-02
7.913341183083711883e+01,1.535038460521881731e+01,-1.032932476393403576e+01,4.066646205173053197e+00,7.564347564654333667e+00,4.744892696685030664e+00,-6.803498083859556900e+00,-9.084506593365519578e+00,-8.046340909709746858e-02,-4.545543564514255230e+00,-3.736494461679819246e+00,4.149376998535775130e+00,-9.693200654548168593e-01
7.788215514877497014e+01,1.522388983200916712e+01,-9.901597192075838549e+00,5.390303119027508139e+00,7.237777514818210634e+00,3.625350854335501971e+00,-6.927678487999672896e+00,-8.685752880424606914e+00,1.513599331351430932e-01,-4.045609804082928029e+00,-4.247373079701715071e+00,3.442353265657344341e+00,-1.338609556849373217e+00
7.608275518091993206e+01,1.562514224847802069e+01,-9.638806682678280779e+00,5.088235827986302695e+00,7.658530105295634272e+00,4.010824577534968682e+00,-6.459279790545670252e+00,-9.652882722073025334e+00,-6.989700974313040049e-01,-3.403245630048358894e+00,-3.871924917658190246e+00,3.185174562486004834e+00,-1.035086163216976107e+00
7.303372731464278900e+01,1.569838889312001129e+01,-8.913624551043577426e+00,4.669489476491622604e+00,9.051533445134426259e+00,3.672861765684857005e+00,-7.622724325349909513e+00,-9.074390445962050578e+00,-8.693009572249187356e-01,-4.413885145359028428e+00,-4.190129395414092350e+00,3.326880418330755429e+00,-1.767548006134350924e+00
7.090633451579266477e+01,1.544378754907973317e+01,-7.819482538064858268e+00,4.171249699372125974e+00,9.788461867158849472e+00,3.695271118077040118e+00,-7.830662651887993597e+00,-7.766514097508664172e+00,-1.764321630177602351e+00,-4.838519798437697084e+00,-3.523660695465461234e+00,2.637386304227223643e+00,-3.143216284217180689e+00
6.592977523469448897e+01,1.364234869927354588e+01,-6.715788592472961227e+00,2.332342471476216872e+00,9.467660134025493335e+00,3.228217254210055565e+00,-6.171173039035050323e+00,-5.990597502319213952e+00,-2.603814340960309615e+00,-4.211578341340425524e+00,-2.490940212100108742e+00,1.307289794653974324e+00,-1.890397810621331054e+00
6.022386619246231731e+01,1.364707843026096867e+01,-2.496303951174901226e+00,2.937574574365402924e+00,9.852064750200238308e+00,3.416859638499770924e+00,-5.505789643133755185e+00,-4.768956494635101073e+00,-1.579427932052918981e+00,-2.519556333937274850e+00,-1.332393004351175803e+00,1.400879073760500138e+00,-3.559362874953131972e-01
5.569171337417574108e+01,1.203708622877666201e+01,-4.319708584578935695e-01,3.444727158013917379e+00,1.019272610689665548e+01,3.074265624577412925e+00,-4.891185377327007977e+00,-3.817619841487658761e+00,-3.991344140712368982e-01,-2.006193643721690734e+00,-1.801088826908300300e+00,1.075437085788953695e+00,-1.681827516011348833e-01
5.370663071230158181e+01,1.178948978656058877e+01,8.807351153404444077e-02,2.929225035332295501e+00,9.624041915953238657e+00,3.596965170056279693e+00,-3.662597935362121415e+00,-3.500117193568696550e+00,-2.707315074301417934e-01,-1.949678510008487020e+00,-1.627317592234714949e+00,1.067138455171083411e+00,-7.265471112766730410e-01
5.086752692452468949e+01,9.050322363734322195e+00,-2.519235935567539983e-02,2.888458235423319476e+00,7.439746439949002976e+00,3.085214680825516531e+00,-2.400612985501542340e+00,-2.664437109082480770e+00,-1.078271280985696690e+00,-8.669713323912920933e-01,-1.091954805261215578e+00,1.709660011205085706e+00,-6.344473857280555906e-01
