4.856441057654109272e+01,1.212307626439428709e+01,1.603071126815514669e+00,-5.949780739236799620e-01,7.927857535096147767e-01,-3.064409812367565600e+00,-5.363319331265206102e+00,-4.210663808227959493e+00,-2.323761444736003767e+00,-3.191938823014062176e+00,-1.235443226810709394e+00,2.451120433828872791e+00,1.647039109714526939e+00
5.635997786883944372e+01,1.730669164815665795e+01,2.280671717975749080e-01,-1.066261154575830261e+00,1.383952753716098494e+00,-4.250240805382705211e+00,-5.722493744122353121e+00,-3.217630040793957757e+00,-5.360516173199062484e-01,-2.867578781852269998e+00,-1.542242533024559492e+00,3.927521097527894689e+00,2.656098362396363655e+00
6.744480230830065182e+01,2.107824556123716775e+01,-6.587960020730836419e+00,-2.823815320332423884e+00,3.601123534124609726e+00,-2.259859555954678356e+00,-5.958052174682404001e+00,-3.651726369042048059e+00,1.205315099399153489e-01,-3.795155990747807628e+00,-2.938738305318524979e+00,5.050784568784044026e+00,2.903807928217630341e+00
7.506363663136639275e+01,2.071782516835324017e+01,-9.413540791495238480e+00,-1.558605409991698387e+00,4.002664368829617736e+00,-2.116297133126918251e+00,-5.391302611566849201e+00,-3.858688835012862750e+00,-1.033631492752597358e+00,-3.401045543444947139e+00,-2.635598749462099821e+00,5.100008960918266609e+00,2.234268556510903281e+00
7.906177783538437609e+01,2.204845575709573069e+01,-1.129840942129556858e+01,-2.059654262136114244e+00,3.448356471147675961e+00,1.316286159554027890e-01,-4.480950732980361728e+00,-5.636333508480909416e+00,-1.244572621889090958e-02,-2.907241102539031008e+00,-4.795575687260352105e+00,5.534593922478783234e+00,1.949096032149048696e+00
8.184319240019821962e+01,2.089395242045019430e+01,-1.094255300988383439e+01,-1.352388132883355132e+00,3.531600303987507683e+00,1.325299746491132469e+00,-4.509975345055052820e+00,-5.453117164807168571e+00,3.365385155303854403e-01,-3.548205882080356588e+00,-4.203608198707130761e+00,4.718232356870609934e+00,6.065949966925548997e-01
8.215390677451595991e+01,2.166384104524431109e+01,-1.192511221613480465e+01,-1.676568981716206885e-01,3.885920883636532874e+00,1.034865501545795929e+00,-4.376601381910131039e+00,-6.422719254438454151e+00,1.393150241595883854e+00,-3.157264144006560080e+00,-5.884421372643464210e+00,4.845200543380019376e+00,9.724307189408171181e-01
8.428906266646919221e+01,2.080737228520654014e+01,-1.325435627013755635e+01,1.360534506841490021e+00,3.929341516975135562e+00,1.247863128004181199e+00,-3.683829806807517038e+00,-7.334391749703687680e+00,3.558893162223271400e-02,-2.406889091685969095e+00,-5.091926180751920050e+00,3.927141018254185489e+00,1.948665424480545694e+00
8.485799443733702674e+01,1.978148977846548107e+01,-1.275438562577751966e+01,4.987530144995370729e-01,4.313110303026572723e+00,1.712865131458820578e+00,-3.961754210394655917e+00,-7.406267766202107694e+00,-9.686904372293207999e-01,-3.125714751988601936e+00,-4.258799899577266679e+00,3.960664684128818447e+00,1.662361705652027455e+00
8.371294602838943888e+01,1.900593138912727653e+01,-1.352790420836189433e+01,1.466492869194676585e+00,5.796164352512174212e+00,1.191830609199742819e+00,-3.574793829054669470e+00,-7.453096279561595594e+00,-2.237510181931371189e+00,-2.602196803707558015e+00,-5.021408722340825470e+00,2.941374830302736498e+00,2.829646032686638168e+00
8.275714391913172108e+01,1.801057638240045478e+01,-1.290822168283289528e+01,1.847380248713018425e+00,5.783380968816916656e+00,1.222932224124116951e+00,-3.923948117270242175e+00,-6.949435002647048165e+00,-1.853256658381052580e+00,-2.262578997866538266e+00,-5.094668947221525634e+00,1.755483661979655663e+00,2.172294943354785790e+00
7.975223004865299004e+01,1.827991861204078461e+01,-1.173532320480209279e+01,8.168158093438805389e-01,7.141607438964112653e+00,1.476429430085485883e+00,-4.905178856821800437e+00,-6.069660386203398872e+00,-1.847141573337074405e+00,-3.509912872127371575e+00,-4.496050663024051985e+00,2.436266174775088000e+00,1.478626105879954133e+00
7.561391130306641628e+01,1.904091798689982085e+01,-9.686996292156406341e+00,2.496447271100902532e-01,8.150022140633343071e+00,2.772125940912951059e+00,-7.010296355890813125e+00,-6.422382571087334568e+00,-1.650255940123673382e+00,-2.822481427444111457e+00,-3.416802395750416110e+00,1.817432045233497773e+00,6.111939110680917331e-01
7.443844770368602326e+01,1.881697955240185038e+01,-8.909491451042766741e+00,-6.389949979013319625e-01,8.072753101716280355e+00,4.518324394728528759e+00,-7.053343595486561313e+00,-5.598180472563424992e+00,-2.318314200320507279e+00,-3.860258606609765497e+00,-3.518402441774904243e+00,2.093422355088062847e+00,7.433866268641402542e-01
7.222067480999403699e+01,1.776671961382045239e+01,-7.237129952946648181e+00,4.169448150171654044e-01,6.942884135709936899e+00,3.512124001354141267e+00,-6.143986921722459194e+00,-5.947275719036040798e+00,-2.193441044477272062e+00,-3.486021660663282340e+00,-3.957708966937742545e+00,1.052596191261349956e+00,4.815454493314160200e-01
6.729384400217803375e+01,1.628852718553466161e+01,-4.811210160343759590e+00,1.124342113378840491e+00,8.169505707603883948e+00,3.552285988515597293e+00,-6.766693337508654871e+00,-7.242811661557004399e+00,-3.726045411924470585e+00,-3.790695512074828244e+00,-3.160831052688909182e+00,1.017215127586881041e+00,-2.525216327431813457e-01
6.281027941228182954e+01,1.456586209980991242e+01,-4.412962676857284272e+00,-8.748448847246246274e-01,7.227245703155611878e+00,3.067211036180751194e+00,-5.970654977564041843e+00,-6.370679883924982079e+00,-4.100228530554525186e+00,-3.898608480572318236e+00,-2.525065497905283785e+00,7.316951158153470747e-01,7.461255476494492722e-01
5.885889132510518351e+01,1.416404813211697444e+01,-1.754226158960925819e+00,2.348031504212401366e+00,7.937527954778174966e+00,2.364221708868329053e+00,-3.746211929307348587e+00,-4.689225855123476450e+00,-2.400791221065975201e+00,-2.116289631915784231e+00,-2.027398637995825315e+00,9.461281731134015827e-01,1.345479799901122986e+00
5.519809902403500246e+01,1.214578305589921392e+01,-2.878720900051094933e-01,2.123919167110381867e+00,7.271816706799404173e+00,3.003431676808834716e+00,-1.949445997119002794e+00,-3.117043336278245036e+00,-2.305822204272857334e+00,-2.139314900801573938e+00,-1.181428506284013524e+00,1.877951725048807807e+00,4.042139403201130410e-01
5.216296195577560724e+01,1.039571059172342160e+01,-1.963457721558301838e-01,7.968357046587419834e-01,6.071718043137914300e+00,2.292816245152538013e+00,-2.827667927528428216e+00,-3.066218565471986679e+00,-2.023943686886385596e+00,-5.477443074249802590e-01,-3.221108813917608060e-01,1.509545829534289840e+00,1.079128275386719737e+00
5.159133787510990743e+01,1.111890177561251569e+01,1.434867973480935754e+00,2.238571862869403351e+00,6.284042237258542940e+00,3.072822488968385723e+00,-2.157407526498620332e+00,-2.734858747809566726e+00,-1.864869934249213657e+00,-1.905509855603873648e+00,-1.698776842144271493e+00,5.859793391777161631e-01,1.188617300935410209e-01
7.297163378780464882e+01,-3.925201434467116002e+00,-5.442138362225851900e+00,1.062601434480312435e+01,-1.689715734422536864e+00,4.242143650094734597e-01,-1.886939927637634629e+00,6.087968848905987995e-01,-2.708745307410300729e+00,-5.798140195777741202e-01,1.951709523694079851e-02,-7.454071822850315554e-01,-1.633530932269976255e+00
7.586186783083498142e+01,-1.013531559354949607e+01,-1.059307956738330603e+01,8.669243099915565409e+00,-4.081636984665619750e+00,1.342997768236512623e+00,-4.666572742713630539e+00,-1.944988089946364740e+00,-3.315003275127624605e+00,-3.953752798413163322e-02,5.328129877155680649e-01,-8.703380170958593398e-01,-4.723907531632302037e-01
7.956120373029455095e+01,-9.496080157626991536e+00,-1.451213693344959488e+01,7.976442369944993338e+00,-2.045223792148721742e+00,1.677322778280424753e+00,-6.321598812450398341e+00,-1.826352211754235677e+00,-1.706975259438756165e+00,-9.803728912480855762e-01,-6.806727925282612945e-01,-6.464817218585120484e-01,-1.143641058923052095e-01
7.680783114717046089e+01,-8.701528730875581985e+00,-1.410405782255767448e+01,8.363068261462831998e+00,-2.265221226125199383e+00,2.777343202262255950e+00,-3.795369015145332092e+00,-1.249239243443415415e+00,-8.257822360935255235e-01,-1.315291101630270187e+00,-9.520932489741159577e-01,-1.133628955111713799e+00,1.450367979424762310e-01
