3.819294149985267950e+01,6.952973961026057914e+00,8.412377716684289908e+00,7.194623190000791979e+00,6.471966935554083200e+00,2.624842745077684114e+00,1.884837549033546278e+00,1.208870283247387656e+00,1.121662561457913210e+00,-6.913600073113016498e-01,-2.350106310116219621e+00,-1.715501517674261622e+00,-1.708923651339029348e+00
4.028449881110530129e+01,8.128995048938397971e+00,8.071236539520665332e+00,5.510002951633405921e+00,5.984896985965415084e+00,2.954360956431260732e+00,1.027619684296617875e+00,1.109185648796325419e+00,1.434451014005933667e+00,-6.769882274777366815e-01,-2.089121810728447048e+00,-1.697798872494001632e+00,-1.070668102035904123e+00
4.274151530503384322e+01,1.006899244302883112e+01,7.656843542184762264e+00,6.083906540198160684e+00,6.630681660923810838e+00,3.549847880042579451e+00,6.287366218963038600e-01,-9.331422156601929530e-01,-2.960400428486283930e-01,-8.332864056213160620e-01,-1.367774682136610798e+00,-9.839705315255586893e-01,-1.142843111082381791e+00
4.730053908906821647e+01,1.086333510984019135e+01,4.217274550458472326e+00,4.989762616742560830e+00,7.187532317109803337e+00,2.118998287543489401e+00,-2.258160777568418265e+00,-2.369982370529941651e+00,-6.689579969881340737e-01,-1.297555846376829969e+00,-1.556234975491046280e+00,-5.717470883209972987e-01,-9.434952283242221682e-01
4.695622249985955676e+01,1.173947153846842184e+01,5.817840731998043857e+00,5.084678381914590872e+00,5.616359558478523972e+00,8.231118538907736815e-01,-3.042187584346256912e+00,-3.122636712731436059e+00,-1.005983225998526631e+00,-1.721052087544100884e+00,-1.763358004396149870e+00,-8.370637839084685283e-02,-8.197413208404535911e-01
5.057060309772648310e+01,1.395615754088010796e+01,5.316423706293360141e+00,4.539563554928601974e+00,5.863598622841608154e+00,1.743282694454709514e+00,-2.473536814864055078e+00,-3.809927795879374468e+00,-6.482026268532844471e-01,-1.317320474340052838e+00,-1.395031299324516860e+00,-5.630362574142169230e-01,-1.713790041459456237e+00
5.268594014865063713e+01,1.511441143094674899e+01,3.886450145486664898e+00,4.329707338055380994e+00,5.850544046002880805e+00,2.138008613638637812e+00,-1.773253203771326669e+00,-3.696788663393987928e+00,-9.353957154345977631e-01,-1.281539701045356638e+00,-1.707995586482110584e+00,-1.698302852027467447e+00,-2.645638886201995277e+00
5.529334983539920501e+01,1.560136503578556955e+01,2.161445149332428706e+00,4.153956769813362371e+00,5.737620493078353867e+00,2.891490182807570530e+00,-2.188014506635137302e+00,-5.240877401798836210e+00,-1.569562456692921382e+00,-7.035783266731312491e-01,-1.758697383954318516e+00,-1.838530559578061441e+00,-2.764052821952951433e+00
5.860746457136226439e+01,1.798055506995049058e+01,7.376847930307899315e-01,-5.202265457895037803e-01,4.286931892810414979e+00,4.202331594538558868e+00,-3.883310028970906047e-01,-4.220149941344900846e+00,-2.049838509084191074e+00,-2.158890630065307903e+00,-3.169087141843726307e+00,-1.659950579956814165e+00,-1.467080874779517208e+00
7.004432179506473233e+01,2.137891358505420314e+01,-4.546985838148204451e+00,-1.943059268043258792e+00,5.447718096085185646e-01,8.719547138659533569e-01,-8.515984619416840928e-01,-2.843677313640213811e+00,1.173038648350258839e+00,-2.117911433363262930e+00,-4.834179793242237011e+00,9.616577575757648821e-01,7.069683307668136463e-01
7.714159939636230945e+01,2.165572899116679650e+01,-8.474097383453187859e+00,-2.986945045446284919e+00,-3.328446878167179990e-01,5.122039378056274517e-01,-2.293331489541604373e+00,-2.555371971369314377e+00,2.954698851342798083e+00,-2.065339034276607144e+00,-5.084853062351342601e+00,9.750761340390552423e-01,1.034370528957077928e+00
8.069845454401672669e+01,2.174000000592538129e+01,-1.176325540888926824e+01,-1.995344459770142187e+00,-1.870850211810743402e-01,-7.000559045291562255e-01,-3.134110649151154337e+00,-2.246161351581928312e+00,4.055334329396139026e+00,-2.068281686783043138e+00,-5.401390056079442559e+00,2.113706301416061084e+00,-3.011406802311337172e-01
8.278770569686570013e+01,2.186819400709027406e+01,-1.245127943003839910e+01,-2.297989817355928110e+00,-7.283087748628043201e-01,-1.329269238493846261e+00,-2.800584028554912841e+00,-2.425328367517865846e+00,4.364556802237041566e+00,-1.424532790729425624e+00,-5.670675461208865009e+00,2.086783791973580993e+00,5.658864439801605251e-01
8.184046990442300284e+01,2.360386290010170285e+01,-1.132076696063111676e+01,-5.445070002145246058e+00,3.789498051518868094e-01,-1.388099223367131207e+00,-3.652431658243614265e+00,-1.110906342609909503e+00,3.360782617760643021e+00,-1.041630522321947527e+00,-4.797192754197417308e+00,1.525067861885292197e+00,8.458244802914155480e-01
8.154532704904997331e+01,2.512532525429174157e+01,-1.067536047577518588e+01,-7.665570468297134177e+00,6.144521201891690598e-01,-1.768724245858169342e+00,-3.267018329052176817e+00,-4.429423211999356652e-02,2.294728445387201443e+00,-7.595344531567761459e-01,-3.786868685589125594e+00,1.175787736150525564e+00,6.225511036774487861e-02
8.083946616096007176e+01,2.542069979909238242e+01,-9.438952469454196859e+00,-9.619556001357578268e+00,7.889156255702888254e-01,-4.637768401339253943e-01,-4.840675932752313670e+00,9.123063423182843357e-01,3.044722580796020761e+00,-1.532709019142418638e+00,-3.178443424926610916e+00,5.399123920206226890e-01,1.067688539598077302e-01
7.970655412894267045e+01,2.543557894553389787e+01,-9.105339777232995147e+00,-1.002822430599360537e+01,9.434789635909596184e-01,3.537901412478909879e-01,-5.452154093030156190e+00,9.528290014152533960e-01,3.354550224361259936e+00,-1.860594089374257853e+00,-2.439288825997771415e+00,-3.608002646372033273e-01,2.201163848934390987e-01
7.896037567971858095e+01,2.546425501634956490e+01,-8.545581497658327308e+00,-1.091619673118472278e+01,7.164691409877848027e-01,8.969098507476885862e-01,-5.578521206722241388e+00,1.073836518903483528e+00,2.658933371344910146e+00,-1.783727735107644596e+00,-2.305592071971844348e+00,-5.963924068433582582e-01,1.526092164599645584e-01
7.885262103359701769e+01,2.571537791462732159e+01,-9.051380997969610931e+00,-1.114342294090058694e+01,8.460581918807341673e-01,7.142264915721666663e-01,-5.121581890537980186e+00,4.507560558673623374e-01,2.417928867961656181e+00,-1.254338550730696777e+00,-2.859911815117064382e+00,-3.435508418397288377e-01,4.053705211058717950e-01
7.918782374665175894e+01,2.495555888214103035e+01,-8.883656542473138629e+00,-1.110217752215268483e+01,-1.205237050384427716e-01,1.253361220120690289e+00,-4.470107565314824782e+00,3.021842123122315399e-02,1.422661896017167527e+00,-7.527164069383459610e-01,-2.722167399528542475e+00,-1.145914676392351339e+00,-4.165506405958057518e-02
8.015645239029333879e+01,2.407683924625209571e+01,-9.296918854088843887e+00,-1.048563495881354335e+01,-1.169431131251868372e+00,1.873710903588091004e+00,-4.290403907265798900e+00,-2.651202730606195268e-01,2.382095836045319714e+00,-1.093854404187788676e+00,-2.501210930854536940e+00,-2.232633545312567858e+00,3.601568685407645631e-01
8.143500092212711650e+01,2.278811665210668025e+01,-1.061555396951590069e+01,-1.015003545683057418e+01,-3.492001976973139743e-01,6.020958734206601770e-01,-3.855779779918226957e+00,4.789489831099654760e-01,2.112402435199501216e+00,-1.108821243793857825e+00,-3.160526108309432036e+00,-1.960171028768507018e+00,3.358220393229628398e-01
8.042240538402931804e+01,2.232231819420024266e+01,-1.181699380822563583e+01,-1.012011706419637491e+01,5.894170746299675079e-01,4.562550835800120441e-01,-5.644833852462704193e+00,1.132019313712280262e+00,2.158206097017014713e+00,-1.451327789540213242e+00,-3.890955155353283068e+00,-1.797533164628755120e+00,3.927862246595281714e-01
7.960971245837299648e+01,2.151677596389209413e+01,-1.077750504522972008e+01,-9.024911056119959696e+00,-1.108761139063776602e+00,4.611121013853556327e-01,-5.744046271410815585e+00,1.184562003612176451e+00,2.250983955850227147e+00,-1.368015446231427124e+00,-3.473769378216324810e+00,-1.800345252037645505e+00,1.274197583600714001e+00
7.776950355755435851e+01,2.071148033554421986e+01,-9.652101041668787573e+00,-9.820533343895737843e+00,-1.461915560572889072e+00,2.427899213680816681e-01,-5.067798290045670839e+00,1.488221573407595866e+00,1.529928936930067707e+00,-1.669819127723273455e+00,-2.998697137820561132e+00,-1.076905579097271470e+00,2.112104980634637030e+00
7.387798836634661370e+01,2.158004512797800700e+01,-9.134431372331942356e+00,-9.778200090040396475e+00,-4.175778735326590024e-02,7.587210265598808290e-01,-4.291295975025534837e+00,1.247661819321593146e+00,2.074272829641751414e+00,-2.097570784326570070e+00,-3.051688936150404707e+00,-1.075585121912988162e+00,7.715138474261693524e-01
7.057878680557308826e+01,2.036333023116313257e+01,-6.796125353724615792e+00,-9.492883127552842026e+00,-1.952425973347467592e+00,-3.757138563525386776e-01,-3.155630602085969461e+00,1.068485787259648490e+00,1.846755068464556171e+00,-1.330719528325924772e+00,-2.236015026952960394e+00,4.800276872552630136e-01,1.903463331214106047e+00
6.806900986675687193e+01,1.783345236666922773e+01,-5.665014375754646281e+00,-1.060517812574948060e+01,-3.399834621130803036e+00,1.479322211357431804e+00,-3.331113073877002506e+00,3.264527032758908209e-01,4.453271035018733781e-01,-2.232824660276161222e+00,-2.116536687731706223e+00,-3.528393911980519104e-01,1.909010628898434758e+00
6.505128777279068686e+01,1.692949574976862692e+01,-4.337276768931852544e+00,-9.885890692060938179e+00,-3.483771020240296501e+00,2.112149216602907942e-01,-4.004345426464856139e+00,1.050434862792237398e-02,3.935136461438626387e-01,-2.183003822196670107e+00,-2.470835710444434952e+00,-9.592208838442787266e-01,1.736118628388634733e+00
6.673895719959622852e+01,1.938929699092163617e+01,-3.685605570536837128e+00,-7.535622963072555081e+00,-3.400423371563552344e-01,8.429801079360702554e-01,-3.742417866688241279e+00,2.316203333258149977e-01,4.674237817064911260e-01,-8.361158937106747402e-01,-2.193767006972568989e+00,1.102703417983918466e-01,1.887496921511964132e+00
6.128851021603485094e+01,1.248265731648558763e+01,-4.634920627096759560e+00,-8.381735523342895178e+00,-2.343765691558756359e+00,1.277926721645386454e+00,-2.440218155385406096e+00,2.076277932162704065e+00,4.132463280382611126e-01,-1.635162747608016165e+00,-5.053265202730168326e-01,-3.983462821397603659e-01,1.816457161490177219e+00
